[gd_scene load_steps=3 format=2]

[ext_resource path="res://Assets/Modelos/Animaciones/Boss/pain.gltf" type="PackedScene" id=1]
[ext_resource path="res://Scripts/pain_animation.gd" type="Script" id=2]

[node name="pain" instance=ExtResource( 1 )]
script = ExtResource( 2 )
animation = NodePath("AnimationPlayer")

[node name="mixamorigHips" parent="Armature" index="0"]
transform = Transform( 0.989407, -0.0357507, 0.140697, -0.136298, 0.104822, 0.985107, -0.0499664, -0.993848, 0.098839, 14.4006, -7.76746, -103.55 )

[node name="mixamorigSpine" parent="Armature/mixamorigHips" index="0"]
transform = Transform( 0.995287, -0.0968124, 0.00551245, 0.0926713, 0.932899, -0.34801, 0.0285492, 0.346881, 0.937474, 1.14099e-11, 10.5695, -1.04293 )

[node name="mixamorigSpine1" parent="Armature/mixamorigHips/mixamorigSpine" index="0"]
transform = Transform( 0.996885, 0.0786657, -0.00566045, -0.0785492, 0.996739, 0.0184789, 0.00709564, -0.0179767, 0.999813, 2.21943e-06, 12.391, -8.25048e-07 )

[node name="mixamorigSpine2" parent="Armature/mixamorigHips/mixamorigSpine/mixamorigSpine1" index="0"]
transform = Transform( 0.996865, 0.0777022, -0.0149014, -0.0773623, 0.996757, 0.0221737, 0.016576, -0.0209514, 0.999643, 1.37557e-06, 14.1611, 3.33777e-06 )

[node name="mixamorigNeck" parent="Armature/mixamorigHips/mixamorigSpine/mixamorigSpine1/mixamorigSpine2" index="0"]
transform = Transform( 0.999508, -0.0269133, -0.0160807, 0.0261902, 0.998705, -0.0436014, 0.0172334, 0.0431588, 0.998919, -4.2191e-07, 15.9313, 5.39535e-06 )

[node name="mixamorigHead" parent="Armature/mixamorigHips/mixamorigSpine/mixamorigSpine1/mixamorigSpine2/mixamorigNeck" index="0"]
transform = Transform( 0.996703, -0.0635165, -0.0504887, 0.0727335, 0.975209, 0.208993, 0.0359625, -0.211976, 0.976613, -1.21954e-06, 5.93647, 1.44503 )

[node name="mixamorigHeadTop_End" parent="Armature/mixamorigHips/mixamorigSpine/mixamorigSpine1/mixamorigSpine2/mixamorigNeck/mixamorigHead" index="0"]
transform = Transform( 1, -6.92802e-10, -2.77228e-09, 6.92802e-10, 1, -3.50868e-08, 2.77228e-09, 3.50868e-08, 1, -1.10893e-06, 20.1808, 4.91234 )

[node name="mixamorigHeadTop_Hair01" parent="Armature/mixamorigHips/mixamorigSpine/mixamorigSpine1/mixamorigSpine2/mixamorigNeck/mixamorigHead/mixamorigHeadTop_End" index="0"]
transform = Transform( 0.944736, 0.173552, 0.278125, -0.248704, -0.173311, 0.952948, 0.213589, -0.969455, -0.12057, 9.60399e-07, -1.42903, -10.9896 )

[node name="mixamorigHeadTop_Hair02" parent="Armature/mixamorigHips/mixamorigSpine/mixamorigSpine1/mixamorigSpine2/mixamorigNeck/mixamorigHead/mixamorigHeadTop_End/mixamorigHeadTop_Hair01" index="0"]
transform = Transform( 0.972333, -0.214348, 0.0928627, 0.228101, 0.785456, -0.575351, 0.0503861, 0.580615, 0.812618, -7.81591e-06, 14.6365, 1.14366e-05 )

[node name="mixamorigHeadTop_Hair03" parent="Armature/mixamorigHips/mixamorigSpine/mixamorigSpine1/mixamorigSpine2/mixamorigNeck/mixamorigHead/mixamorigHeadTop_End/mixamorigHeadTop_Hair01/mixamorigHeadTop_Hair02" index="0"]
transform = Transform( 0.99197, 0.124183, 0.0239706, -0.125801, 0.949257, 0.288246, 0.0130409, -0.288947, 0.957256, -8.46215e-07, 19.3842, 5.52288e-06 )

[node name="mixamorigHeadTop_Hair04" parent="Armature/mixamorigHips/mixamorigSpine/mixamorigSpine1/mixamorigSpine2/mixamorigNeck/mixamorigHead/mixamorigHeadTop_End/mixamorigHeadTop_Hair01/mixamorigHeadTop_Hair02/mixamorigHeadTop_Hair03" index="0"]
transform = Transform( 0.871213, -0.490904, 0.00147263, 0.462183, 0.819222, -0.339504, 0.165457, 0.296461, 0.940603, -1.17e-07, 19.1674, -7.03357e-06 )

[node name="mixamorigLeftShoulder" parent="Armature/mixamorigHips/mixamorigSpine/mixamorigSpine1/mixamorigSpine2" index="1"]
transform = Transform( -0.153222, 0.741768, -0.652919, 0.0587305, -0.652718, -0.755321, -0.986445, -0.154078, 0.0564461, 6.50995, 14.3831, -0.209682 )

[node name="mixamorigLeftArm" parent="Armature/mixamorigHips/mixamorigSpine/mixamorigSpine1/mixamorigSpine2/mixamorigLeftShoulder" index="0"]
transform = Transform( 0.592599, -0.787555, 0.169065, 0.691134, 0.389335, -0.608893, 0.413714, 0.477676, 0.775026, -2.45362e-07, 13.4562, -1.18507e-05 )

[node name="mixamorigLeftForeArm" parent="Armature/mixamorigHips/mixamorigSpine/mixamorigSpine1/mixamorigSpine2/mixamorigLeftShoulder/mixamorigLeftArm" index="0"]
transform = Transform( -0.228089, -0.964117, 0.135845, 0.961093, -0.245274, -0.127044, 0.155804, 0.101582, 0.982551, 6.0545e-06, 17.7772, -2.17564e-06 )

[node name="mixamorigLeftHand" parent="Armature/mixamorigHips/mixamorigSpine/mixamorigSpine1/mixamorigSpine2/mixamorigLeftShoulder/mixamorigLeftArm/mixamorigLeftForeArm" index="0"]
transform = Transform( 0.924389, -0.357024, 0.134309, 0.317827, 0.915582, 0.246365, -0.21093, -0.18505, 0.959826, 1.36494e-05, 29.8993, 3.87444e-06 )

[node name="mixamorigLeftHandThumb1" parent="Armature/mixamorigHips/mixamorigSpine/mixamorigSpine1/mixamorigSpine2/mixamorigLeftShoulder/mixamorigLeftArm/mixamorigLeftForeArm/mixamorigLeftHand" index="0"]
transform = Transform( 0.884774, -0.385748, 0.261482, 0.44215, 0.872132, -0.209496, -0.147235, 0.300971, 0.942199, -2.622, 2.96905, 1.13148 )

[node name="mixamorigLeftHandThumb2" parent="Armature/mixamorigHips/mixamorigSpine/mixamorigSpine1/mixamorigSpine2/mixamorigLeftShoulder/mixamorigLeftArm/mixamorigLeftForeArm/mixamorigLeftHand/mixamorigLeftHandThumb1" index="0"]
transform = Transform( 0.991408, -0.125812, -0.0357861, 0.125028, 0.991878, -0.0233717, 0.0384359, 0.0186966, 0.999086, -0.361477, 3.27574, 5.5914e-06 )

[node name="mixamorigLeftHandThumb3" parent="Armature/mixamorigHips/mixamorigSpine/mixamorigSpine1/mixamorigSpine2/mixamorigLeftShoulder/mixamorigLeftArm/mixamorigLeftForeArm/mixamorigLeftHand/mixamorigLeftHandThumb1/mixamorigLeftHandThumb2" index="0"]
transform = Transform( 0.970259, -0.241125, -0.0213627, 0.237998, 0.934095, 0.266126, -0.0442149, -0.263295, 0.963702, 0.0478425, 2.9619, -1.12874e-05 )

[node name="mixamorigLeftHandThumb4" parent="Armature/mixamorigHips/mixamorigSpine/mixamorigSpine1/mixamorigSpine2/mixamorigLeftShoulder/mixamorigLeftArm/mixamorigLeftForeArm/mixamorigLeftHand/mixamorigLeftHandThumb1/mixamorigLeftHandThumb2/mixamorigLeftHandThumb3" index="0"]
transform = Transform( 1, 7.03861e-09, -2.50159e-08, -7.03862e-09, 1, 4.95722e-09, 2.50159e-08, -4.95722e-09, 1, 0.313631, 2.35923, 1.53594e-06 )

[node name="mixamorigLeftHandIndex1" parent="Armature/mixamorigHips/mixamorigSpine/mixamorigSpine1/mixamorigSpine2/mixamorigLeftShoulder/mixamorigLeftArm/mixamorigLeftForeArm/mixamorigLeftHand" index="1"]
transform = Transform( 0.992448, -0.11302, 0.0476836, 0.0892506, 0.931972, 0.351373, -0.0841519, -0.344464, 0.93502, -3.11488, 9.82611, 0.121379 )

[node name="mixamorigLeftHandIndex2" parent="Armature/mixamorigHips/mixamorigSpine/mixamorigSpine1/mixamorigSpine2/mixamorigLeftShoulder/mixamorigLeftArm/mixamorigLeftForeArm/mixamorigLeftHand/mixamorigLeftHandIndex1" index="0"]
transform = Transform( 0.999502, 0.0311427, -0.00509745, -0.0311347, 0.946834, -0.320212, -0.00514581, 0.320211, 0.947332, 0.000676539, 2.50763, -1.13793e-06 )

[node name="mixamorigLeftHandIndex3" parent="Armature/mixamorigHips/mixamorigSpine/mixamorigSpine1/mixamorigSpine2/mixamorigLeftShoulder/mixamorigLeftArm/mixamorigLeftForeArm/mixamorigLeftHand/mixamorigLeftHandIndex1/mixamorigLeftHandIndex2" index="0"]
transform = Transform( 0.999481, 0.0317204, -0.00549595, -0.0317042, 0.940223, -0.33908, -0.00558831, 0.339078, 0.940741, -0.00100675, 2.39218, -1.66854e-05 )

[node name="mixamorigLeftHandIndex4" parent="Armature/mixamorigHips/mixamorigSpine/mixamorigSpine1/mixamorigSpine2/mixamorigLeftShoulder/mixamorigLeftArm/mixamorigLeftForeArm/mixamorigLeftHand/mixamorigLeftHandIndex1/mixamorigLeftHandIndex2/mixamorigLeftHandIndex3" index="0"]
transform = Transform( 1, -1.75275e-08, 3.22288e-09, 1.75275e-08, 1, 4.1789e-08, -3.22288e-09, -4.1789e-08, 1, 0.000329158, 2.12987, 1.07455e-05 )

[node name="mixamorigLeftHandMiddle1" parent="Armature/mixamorigHips/mixamorigSpine/mixamorigSpine1/mixamorigSpine2/mixamorigLeftShoulder/mixamorigLeftArm/mixamorigLeftForeArm/mixamorigLeftHand" index="2"]
transform = Transform( 0.99754, -0.0695286, -0.00887307, 0.0700622, 0.98536, 0.155426, -0.0020634, -0.155665, 0.987807, -0.979294, 9.825, -0.149683 )

[node name="mixamorigLeftHandMiddle2" parent="Armature/mixamorigHips/mixamorigSpine/mixamorigSpine1/mixamorigSpine2/mixamorigLeftShoulder/mixamorigLeftArm/mixamorigLeftForeArm/mixamorigLeftHand/mixamorigLeftHandMiddle1" index="0"]
transform = Transform( 0.999632, 0.0267779, -0.00438963, -0.0268594, 0.953431, -0.300413, -0.00385921, 0.30042, 0.953799, 0.001441, 3.00287, -1.66775e-05 )

[node name="mixamorigLeftHandMiddle3" parent="Armature/mixamorigHips/mixamorigSpine/mixamorigSpine1/mixamorigSpine2/mixamorigLeftShoulder/mixamorigLeftArm/mixamorigLeftForeArm/mixamorigLeftHand/mixamorigLeftHandMiddle1/mixamorigLeftHandMiddle2" index="0"]
transform = Transform( 0.998513, 0.0524937, -0.0147265, -0.052351, 0.847712, -0.527867, -0.0152258, 0.527852, 0.8492, 0.00434384, 2.83673, -3.51379e-06 )

[node name="mixamorigLeftHandMiddle4" parent="Armature/mixamorigHips/mixamorigSpine/mixamorigSpine1/mixamorigSpine2/mixamorigLeftShoulder/mixamorigLeftArm/mixamorigLeftForeArm/mixamorigLeftHand/mixamorigLeftHandMiddle1/mixamorigLeftHandMiddle2/mixamorigLeftHandMiddle3" index="0"]
transform = Transform( 1, 5.1654e-09, 1.27377e-07, -5.16539e-09, 1, -1.26803e-08, -1.27377e-07, 1.26803e-08, 1, -0.00578943, 2.52802, 1.88461e-05 )

[node name="mixamorigLeftHandRing1" parent="Armature/mixamorigHips/mixamorigSpine/mixamorigSpine1/mixamorigSpine2/mixamorigLeftShoulder/mixamorigLeftArm/mixamorigLeftForeArm/mixamorigLeftHand" index="3"]
transform = Transform( 0.999954, -0.0011906, 0.00956673, 0.00273925, 0.986533, -0.163541, -0.00924318, 0.16356, 0.98649, 0.992834, 9.58117, -0.173222 )

[node name="mixamorigLeftHandRing2" parent="Armature/mixamorigHips/mixamorigSpine/mixamorigSpine1/mixamorigSpine2/mixamorigLeftShoulder/mixamorigLeftArm/mixamorigLeftForeArm/mixamorigLeftHand/mixamorigLeftHandRing1" index="0"]
transform = Transform( 0.999421, 0.0334642, -0.00609538, -0.0333813, 0.930507, -0.364751, -0.0065343, 0.364743, 0.931085, -0.00197742, 2.67012, -1.25979e-05 )

[node name="mixamorigLeftHandRing3" parent="Armature/mixamorigHips/mixamorigSpine/mixamorigSpine1/mixamorigSpine2/mixamorigLeftShoulder/mixamorigLeftArm/mixamorigLeftForeArm/mixamorigLeftHand/mixamorigLeftHandRing1/mixamorigLeftHandRing2" index="0"]
transform = Transform( 0.998703, 0.0487145, -0.0147762, -0.048851, 0.835481, -0.547344, -0.0143184, 0.547356, 0.836777, -0.00116105, 2.47188, 6.00924e-06 )

[node name="mixamorigLeftHandRing4" parent="Armature/mixamorigHips/mixamorigSpine/mixamorigSpine1/mixamorigSpine2/mixamorigLeftShoulder/mixamorigLeftArm/mixamorigLeftForeArm/mixamorigLeftHand/mixamorigLeftHandRing1/mixamorigLeftHandRing2/mixamorigLeftHandRing3" index="0"]
transform = Transform( 1, -2.83092e-09, -8.07514e-09, 2.83092e-09, 1, -2.1071e-08, 8.07514e-09, 2.1071e-08, 1, 0.00313746, 2.18526, -1.59366e-05 )

[node name="mixamorigLeftHandPinky1" parent="Armature/mixamorigHips/mixamorigSpine/mixamorigSpine1/mixamorigSpine2/mixamorigLeftShoulder/mixamorigLeftArm/mixamorigLeftForeArm/mixamorigLeftHand" index="4"]
transform = Transform( 0.952778, 0.18625, -0.239842, -0.270526, 0.879388, -0.391781, 0.137945, 0.438164, 0.888247, 3.10135, 9.13014, 0.189405 )

[node name="mixamorigLeftHandPinky2" parent="Armature/mixamorigHips/mixamorigSpine/mixamorigSpine1/mixamorigSpine2/mixamorigLeftShoulder/mixamorigLeftArm/mixamorigLeftForeArm/mixamorigLeftHand/mixamorigLeftHandPinky1" index="0"]
transform = Transform( 0.995781, 0.0783808, -0.0477153, -0.0799012, 0.484927, -0.870897, -0.0451232, 0.871035, 0.489144, 0.00270993, 2.00134, 2.55166e-06 )

[node name="mixamorigLeftHandPinky3" parent="Armature/mixamorigHips/mixamorigSpine/mixamorigSpine1/mixamorigSpine2/mixamorigLeftShoulder/mixamorigLeftArm/mixamorigLeftForeArm/mixamorigLeftHand/mixamorigLeftHandPinky1/mixamorigLeftHandPinky2" index="0"]
transform = Transform( 0.995381, 0.0835601, -0.0472765, -0.0823778, 0.490446, -0.867569, -0.0493076, 0.867456, 0.495064, 0.00268738, 1.63096, 2.84507e-06 )

[node name="mixamorigLeftHandPinky4" parent="Armature/mixamorigHips/mixamorigSpine/mixamorigSpine1/mixamorigSpine2/mixamorigLeftShoulder/mixamorigLeftArm/mixamorigLeftForeArm/mixamorigLeftHand/mixamorigLeftHandPinky1/mixamorigLeftHandPinky2/mixamorigLeftHandPinky3" index="0"]
transform = Transform( 1, 5.10769e-09, 2.2654e-07, -5.10769e-09, 1, -1.58471e-08, -2.2654e-07, 1.58471e-08, 1, -0.00537634, 1.45678, -4.80093e-06 )

[node name="mixamorigRightShoulder" parent="Armature/mixamorigHips/mixamorigSpine/mixamorigSpine1/mixamorigSpine2" index="2"]
transform = Transform( 0.0389265, -0.764084, 0.643941, -0.0205083, -0.644904, -0.763988, 0.999032, 0.0165333, -0.0407741, -6.50995, 14.372, -0.0969477 )

[node name="mixamorigRightArm" parent="Armature/mixamorigHips/mixamorigSpine/mixamorigSpine1/mixamorigSpine2/mixamorigRightShoulder" index="0"]
transform = Transform( 0.675579, 0.72682, 0.123794, -0.386354, 0.491997, -0.780173, -0.627952, 0.47924, 0.613193, 2.6043e-06, 13.4562, 4.75083e-06 )

[node name="mixamorigRightForeArm" parent="Armature/mixamorigHips/mixamorigSpine/mixamorigSpine1/mixamorigSpine2/mixamorigRightShoulder/mixamorigRightArm" index="0"]
transform = Transform( -0.438554, 0.885646, -0.152649, -0.882663, -0.456416, -0.112206, -0.169046, 0.0855295, 0.98189, -3.10482e-07, 17.7774, -2.82745e-06 )

[node name="mixamorigRightHand" parent="Armature/mixamorigHips/mixamorigSpine/mixamorigSpine1/mixamorigSpine2/mixamorigRightShoulder/mixamorigRightArm/mixamorigRightForeArm" index="0"]
transform = Transform( 0.892005, 0.254216, -0.373767, -0.243933, 0.966853, 0.0754489, 0.380558, 0.0238732, 0.924449, 2.6667e-06, 29.9619, -1.33419e-06 )

[node name="mixamorigRightHandThumb1" parent="Armature/mixamorigHips/mixamorigSpine/mixamorigSpine1/mixamorigSpine2/mixamorigRightShoulder/mixamorigRightArm/mixamorigRightForeArm/mixamorigRightHand" index="0"]
transform = Transform( 0.846036, 0.452686, -0.281598, -0.507447, 0.845737, -0.165006, 0.163462, 0.282497, 0.945239, 2.62555, 3.00246, 1.12598 )

[node name="mixamorigRightHandThumb2" parent="Armature/mixamorigHips/mixamorigSpine/mixamorigSpine1/mixamorigSpine2/mixamorigRightShoulder/mixamorigRightArm/mixamorigRightForeArm/mixamorigRightHand/mixamorigRightHandThumb1" index="0"]
transform = Transform( 0.993698, 0.108274, 0.028992, -0.108133, 0.994116, -0.00639809, -0.0295141, 0.00322277, 0.999559, 0.317736, 3.30026, 2.94774e-06 )

[node name="mixamorigRightHandThumb3" parent="Armature/mixamorigHips/mixamorigSpine/mixamorigSpine1/mixamorigSpine2/mixamorigRightShoulder/mixamorigRightArm/mixamorigRightForeArm/mixamorigRightHand/mixamorigRightHandThumb1/mixamorigRightHandThumb2" index="0"]
transform = Transform( 0.989508, -0.124891, -0.0726392, 0.139957, 0.953383, 0.267342, 0.0358643, -0.274703, 0.96086, -0.0369468, 2.95358, -8.91871e-07 )

[node name="mixamorigRightHandThumb4" parent="Armature/mixamorigHips/mixamorigSpine/mixamorigSpine1/mixamorigSpine2/mixamorigRightShoulder/mixamorigRightArm/mixamorigRightForeArm/mixamorigRightHand/mixamorigRightHandThumb1/mixamorigRightHandThumb2/mixamorigRightHandThumb3" index="0"]
transform = Transform( 1, 7.18122e-08, -9.51428e-09, -7.18122e-08, 1, -2.75308e-08, 9.51428e-09, 2.75308e-08, 1, -0.280778, 2.36171, 4.94075e-06 )

[node name="mixamorigRightHandIndex1" parent="Armature/mixamorigHips/mixamorigSpine/mixamorigSpine1/mixamorigSpine2/mixamorigRightShoulder/mixamorigRightArm/mixamorigRightForeArm/mixamorigRightHand" index="1"]
transform = Transform( 0.942862, 0.330919, -0.0387755, -0.282551, 0.855821, 0.433285, 0.176567, -0.397572, 0.900423, 3.06779, 9.75203, 0.178045 )

[node name="mixamorigRightHandIndex2" parent="Armature/mixamorigHips/mixamorigSpine/mixamorigSpine1/mixamorigSpine2/mixamorigRightShoulder/mixamorigRightArm/mixamorigRightForeArm/mixamorigRightHand/mixamorigRightHandIndex1" index="0"]
transform = Transform( 0.999987, -0.00499833, 5.44167e-05, 0.00499044, 0.997669, -0.0680603, 0.000285898, 0.0680597, 0.997681, 0.00477725, 2.49472, -9.27059e-06 )

[node name="mixamorigRightHandIndex3" parent="Armature/mixamorigHips/mixamorigSpine/mixamorigSpine1/mixamorigSpine2/mixamorigRightShoulder/mixamorigRightArm/mixamorigRightForeArm/mixamorigRightHand/mixamorigRightHandIndex1/mixamorigRightHandIndex2" index="0"]
transform = Transform( 0.999967, -0.00804836, 0.000508447, 0.0080371, 0.989415, -0.144889, 0.000663056, 0.144889, 0.989448, 0.00236177, 2.46476, -1.52663e-05 )

[node name="mixamorigRightHandIndex4" parent="Armature/mixamorigHips/mixamorigSpine/mixamorigSpine1/mixamorigSpine2/mixamorigRightShoulder/mixamorigRightArm/mixamorigRightForeArm/mixamorigRightHand/mixamorigRightHandIndex1/mixamorigRightHandIndex2/mixamorigRightHandIndex3" index="0"]
transform = Transform( 1, -4.55273e-09, -2.15106e-08, 4.55273e-09, 1, 4.50252e-09, 2.15106e-08, -4.50252e-09, 1, -0.00713264, 1.95054, 2.98426e-06 )

[node name="mixamorigRightHandMiddle1" parent="Armature/mixamorigHips/mixamorigSpine/mixamorigSpine1/mixamorigSpine2/mixamorigRightShoulder/mixamorigRightArm/mixamorigRightForeArm/mixamorigRightHand" index="2"]
transform = Transform( 0.995912, 0.0878958, 0.0208074, -0.089993, 0.94583, 0.311941, 0.00773802, -0.312538, 0.949874, 0.952098, 9.73202, -0.157324 )

[node name="mixamorigRightHandMiddle2" parent="Armature/mixamorigHips/mixamorigSpine/mixamorigSpine1/mixamorigSpine2/mixamorigRightShoulder/mixamorigRightArm/mixamorigRightForeArm/mixamorigRightHand/mixamorigRightHandMiddle1" index="0"]
transform = Transform( 0.999853, -0.0170444, 0.0017464, 0.0170428, 0.97889, -0.203677, 0.00176202, 0.203677, 0.979036, 0.000867624, 2.98897, 5.51317e-06 )

[node name="mixamorigRightHandMiddle3" parent="Armature/mixamorigHips/mixamorigSpine/mixamorigSpine1/mixamorigSpine2/mixamorigRightShoulder/mixamorigRightArm/mixamorigRightForeArm/mixamorigRightHand/mixamorigRightHandMiddle1/mixamorigRightHandMiddle2" index="0"]
transform = Transform( 0.99936, -0.0349728, 0.0074708, 0.0350007, 0.913641, -0.405012, 0.00733875, 0.405014, 0.914281, -0.000614689, 2.86022, 1.55684e-05 )

[node name="mixamorigRightHandMiddle4" parent="Armature/mixamorigHips/mixamorigSpine/mixamorigSpine1/mixamorigSpine2/mixamorigRightShoulder/mixamorigRightArm/mixamorigRightForeArm/mixamorigRightHand/mixamorigRightHandMiddle1/mixamorigRightHandMiddle2/mixamorigRightHandMiddle3" index="0"]
transform = Transform( 1, -2.4913e-08, 1.41258e-08, 2.4913e-08, 1, 2.93674e-08, -1.41258e-08, -2.93674e-08, 1, -0.000252231, 2.59539, 2.79985e-06 )

[node name="mixamorigRightHandRing1" parent="Armature/mixamorigHips/mixamorigSpine/mixamorigSpine1/mixamorigSpine2/mixamorigRightShoulder/mixamorigRightArm/mixamorigRightForeArm/mixamorigRightHand" index="3"]
transform = Transform( 0.988351, -0.152182, -0.00169034, 0.151658, 0.9839, 0.0945565, -0.0127266, -0.0937114, 0.995518, -1.03931, 9.87612, -0.0494216 )

[node name="mixamorigRightHandRing2" parent="Armature/mixamorigHips/mixamorigSpine/mixamorigSpine1/mixamorigSpine2/mixamorigRightShoulder/mixamorigRightArm/mixamorigRightForeArm/mixamorigRightHand/mixamorigRightHandRing1" index="0"]
transform = Transform( 0.999693, -0.0244492, 0.00395945, 0.0244532, 0.948905, -0.314612, 0.00393489, 0.314612, 0.949212, 0.00151652, 2.53492, 1.00085e-05 )

[node name="mixamorigRightHandRing3" parent="Armature/mixamorigHips/mixamorigSpine/mixamorigSpine1/mixamorigSpine2/mixamorigRightShoulder/mixamorigRightArm/mixamorigRightForeArm/mixamorigRightHand/mixamorigRightHandRing1/mixamorigRightHandRing2" index="0"]
transform = Transform( 0.999487, -0.0314045, 0.00624189, 0.0314528, 0.926492, -0.374998, 0.00599357, 0.375002, 0.927005, -0.00171258, 2.40725, 1.41899e-05 )

[node name="mixamorigRightHandRing4" parent="Armature/mixamorigHips/mixamorigSpine/mixamorigSpine1/mixamorigSpine2/mixamorigRightShoulder/mixamorigRightArm/mixamorigRightForeArm/mixamorigRightHand/mixamorigRightHandRing1/mixamorigRightHandRing2/mixamorigRightHandRing3" index="0"]
transform = Transform( 1, 3.05129e-08, -1.71563e-09, -3.05129e-08, 1, -2.6091e-08, 1.71563e-09, 2.6091e-08, 1, 0.000191629, 2.0145, -6.52079e-06 )

[node name="mixamorigRightHandPinky1" parent="Armature/mixamorigHips/mixamorigSpine/mixamorigSpine1/mixamorigSpine2/mixamorigRightShoulder/mixamorigRightArm/mixamorigRightForeArm/mixamorigRightHand" index="4"]
transform = Transform( 0.945865, -0.205158, 0.251497, 0.26234, 0.939504, -0.220251, -0.191096, 0.274305, 0.942464, -2.9806, 8.70156, 0.103228 )

[node name="mixamorigRightHandPinky2" parent="Armature/mixamorigHips/mixamorigSpine/mixamorigSpine1/mixamorigSpine2/mixamorigRightShoulder/mixamorigRightArm/mixamorigRightForeArm/mixamorigRightHand/mixamorigRightHandPinky1" index="0"]
transform = Transform( 0.997267, -0.067837, 0.0292803, 0.068082, 0.689722, -0.720866, 0.0287061, 0.720889, 0.692456, -0.00201681, 2.12278, -1.97695e-05 )

[node name="mixamorigRightHandPinky3" parent="Armature/mixamorigHips/mixamorigSpine/mixamorigSpine1/mixamorigSpine2/mixamorigRightShoulder/mixamorigRightArm/mixamorigRightForeArm/mixamorigRightHand/mixamorigRightHandPinky1/mixamorigRightHandPinky2" index="0"]
transform = Transform( 0.997957, -0.0602527, 0.0212623, 0.0599235, 0.767113, -0.638708, 0.0221732, 0.638677, 0.769156, 0.000358966, 1.77814, 5.69577e-06 )

[node name="mixamorigRightHandPinky4" parent="Armature/mixamorigHips/mixamorigSpine/mixamorigSpine1/mixamorigSpine2/mixamorigRightShoulder/mixamorigRightArm/mixamorigRightForeArm/mixamorigRightHand/mixamorigRightHandPinky1/mixamorigRightHandPinky2/mixamorigRightHandPinky3" index="0"]
transform = Transform( 1, 3.03604e-09, -8.52886e-09, -3.03604e-09, 1, -1.11207e-08, 8.52886e-09, 1.11207e-08, 1, 0.00165844, 1.57698, 3.14123e-05 )

[node name="mixamorigLeftUpLeg" parent="Armature/mixamorigHips" index="1"]
transform = Transform( -0.981203, 0.171364, 0.0887326, -0.108784, -0.87098, 0.47911, 0.159391, 0.460465, 0.873227, 9.6987, -5.86791, 0.0415287 )

[node name="mixamorigLeftLeg" parent="Armature/mixamorigHips/mixamorigLeftUpLeg" index="0"]
transform = Transform( 0.986981, -0.103997, 0.122693, 0.0294294, 0.866726, 0.497915, -0.158123, -0.487822, 0.858502, 1.17897e-06, 44.5799, 1.00559e-06 )

[node name="mixamorigLeftFoot" parent="Armature/mixamorigHips/mixamorigLeftUpLeg/mixamorigLeftLeg" index="0"]
transform = Transform( 0.945332, -0.0565843, -0.321161, -0.241514, 0.540281, -0.806081, 0.219129, 0.83958, 0.49708, 6.09462e-06, 47.9558, 1.87698e-07 )

[node name="mixamorigLeftToeBase" parent="Armature/mixamorigHips/mixamorigLeftUpLeg/mixamorigLeftLeg/mixamorigLeftFoot" index="0"]
transform = Transform( 0.997005, -0.0529627, -0.0563602, 0.00130314, 0.740131, -0.672461, 0.0773293, 0.670374, 0.737983, -5.95991e-07, 18.5652, 8.93962e-08 )

[node name="mixamorigLeftToe_End" parent="Armature/mixamorigHips/mixamorigLeftUpLeg/mixamorigLeftLeg/mixamorigLeftFoot/mixamorigLeftToeBase" index="0"]
transform = Transform( 1, 3.11259e-08, -2.58333e-07, -3.1126e-08, 1, -2.12241e-07, 2.58333e-07, 2.12241e-07, 1, 8.08143e-07, 6.65044, 9.07777e-07 )

[node name="mixamorigRightUpLeg" parent="Armature/mixamorigHips" index="2"]
transform = Transform( -0.909261, -0.401294, -0.110532, 0.311743, -0.832495, 0.458024, -0.275811, 0.381989, 0.882086, -9.6987, -5.86792, -0.904349 )

[node name="mixamorigRightLeg" parent="Armature/mixamorigHips/mixamorigRightUpLeg" index="0"]
transform = Transform( 0.988557, 0.148221, -0.0280322, -0.108914, 0.829889, 0.547194, 0.104369, -0.53788, 0.836536, 5.48585e-07, 44.4772, -7.50877e-08 )

[node name="mixamorigRightFoot" parent="Armature/mixamorigHips/mixamorigRightUpLeg/mixamorigRightLeg" index="0"]
transform = Transform( 0.97024, 0.102132, 0.219552, 0.115062, 0.603335, -0.789144, -0.21306, 0.790921, 0.573629, -2.69146e-06, 47.9871, -1.15383e-06 )

[node name="mixamorigRightToeBase" parent="Armature/mixamorigHips/mixamorigRightUpLeg/mixamorigRightLeg/mixamorigRightFoot" index="0"]
transform = Transform( 0.994617, 0.0569945, 0.0865393, 0.0210839, 0.706367, -0.707532, -0.101454, 0.705548, 0.701362, 1.29503e-07, 18.8936, -5.6408e-07 )

[node name="mixamorigRightToe_End" parent="Armature/mixamorigHips/mixamorigRightUpLeg/mixamorigRightLeg/mixamorigRightFoot/mixamorigRightToeBase" index="0"]
transform = Transform( 1, 5.182e-08, -1.23796e-06, -5.18203e-08, 1, -2.47486e-07, 1.23796e-06, 2.47486e-07, 1, -2.92559e-06, 6.93593, -5.52408e-07 )

[node name="mixamorigHips 2" parent="Armature001" index="0"]
transform = Transform( 0.973842, -0.155538, 0.165649, -0.214649, -0.390532, 0.895215, -0.0745489, -0.907355, -0.413703, -1.80634, 6.01263, -94.1185 )

[node name="mixamorigSpine 2" parent="Armature001/mixamorigHips 2" index="0"]
transform = Transform( 0.998801, -0.0410854, -0.0266194, 0.0346745, 0.977563, -0.207768, 0.0345584, 0.206596, 0.977816, -7.15256e-07, 10.5695, -1.04292 )

[node name="mixamorigSpine1 2" parent="Armature001/mixamorigHips 2/mixamorigSpine 2" index="0"]
transform = Transform( 0.997163, -0.0427719, -0.0619349, 0.0393553, 0.99769, -0.055371, 0.0641601, 0.0527765, 0.996543, -9.53674e-07, 12.391, 2.14577e-06 )

[node name="mixamorigSpine2 2" parent="Armature001/mixamorigHips 2/mixamorigSpine 2/mixamorigSpine1 2" index="0"]
transform = Transform( 0.997188, -0.0430392, -0.0613503, 0.0396187, 0.997649, -0.0559205, 0.0636128, 0.0533326, 0.996549, -2.08077e-12, 14.1611, -4.76837e-07 )

[node name="mixamorigNeck 2" parent="Armature001/mixamorigHips 2/mixamorigSpine 2/mixamorigSpine1 2/mixamorigSpine2 2" index="0"]
transform = Transform( 0.999742, 0.00722677, -0.0215246, -0.003153, 0.982998, 0.18359, 0.0224854, -0.183475, 0.982767, 5.72204e-06, 15.9313, 2.93578e-06 )

[node name="mixamorigHead 2" parent="Armature001/mixamorigHips 2/mixamorigSpine 2/mixamorigSpine1 2/mixamorigSpine2 2/mixamorigNeck 2" index="0"]
transform = Transform( 0.998174, -0.0439428, -0.0414454, 0.0565524, 0.920942, 0.385575, 0.0212255, -0.387215, 0.921745, -1.90736e-06, 5.93646, 1.44504 )

[node name="mixamorigHeadTop_End 2" parent="Armature001/mixamorigHips 2/mixamorigSpine 2/mixamorigSpine1 2/mixamorigSpine2 2/mixamorigNeck 2/mixamorigHead 2" index="0"]
transform = Transform( 1, -3.46038e-18, -4.65661e-10, -1.41691e-17, 1, -3.78591e-08, 4.65661e-10, 3.78591e-08, 1, -5.96046e-08, 20.1808, 4.91234 )

[node name="mixamorigLeftShoulder 2" parent="Armature001/mixamorigHips 2/mixamorigSpine 2/mixamorigSpine1 2/mixamorigSpine2 2" index="1"]
transform = Transform( 0.236341, 0.949024, -0.208559, 0.034073, -0.222602, -0.974314, -0.971072, 0.223164, -0.084946, 6.50995, 14.3831, -0.209681 )

[node name="mixamorigLeftArm 2" parent="Armature001/mixamorigHips 2/mixamorigSpine 2/mixamorigSpine1 2/mixamorigSpine2 2/mixamorigLeftShoulder 2" index="0"]
transform = Transform( 0.907655, -0.156969, -0.38926, 0.0407298, 0.955997, -0.290534, 0.417736, 0.24785, 0.874109, 2.98023e-07, 13.4562, -1.20103e-05 )

[node name="mixamorigLeftForeArm 2" parent="Armature001/mixamorigHips 2/mixamorigSpine 2/mixamorigSpine1 2/mixamorigSpine2 2/mixamorigLeftShoulder 2/mixamorigLeftArm 2" index="0"]
transform = Transform( 0.133461, -0.984945, -0.109866, 0.989797, 0.138052, -0.0352667, 0.0499031, -0.104038, 0.99332, 2.64878e-07, 17.7772, -2.58211e-06 )

[node name="mixamorigLeftHand 2" parent="Armature001/mixamorigHips 2/mixamorigSpine 2/mixamorigSpine1 2/mixamorigSpine2 2/mixamorigLeftShoulder 2/mixamorigLeftArm 2/mixamorigLeftForeArm 2" index="0"]
transform = Transform( 0.992632, -0.118409, 0.0257051, 0.09019, 0.863713, 0.495849, -0.0809148, -0.489878, 0.868028, 6.36629e-06, 29.8993, 4.33135e-06 )

[node name="mixamorigLeftHandThumb1 2" parent="Armature001/mixamorigHips 2/mixamorigSpine 2/mixamorigSpine1 2/mixamorigSpine2 2/mixamorigLeftShoulder 2/mixamorigLeftArm 2/mixamorigLeftForeArm 2/mixamorigLeftHand 2" index="0"]
transform = Transform( 0.885853, -0.37501, 0.273187, 0.442135, 0.860809, -0.252039, -0.140645, 0.344055, 0.928356, -2.62199, 2.96904, 1.13147 )

[node name="mixamorigLeftHandThumb2 2" parent="Armature001/mixamorigHips 2/mixamorigSpine 2/mixamorigSpine1 2/mixamorigSpine2 2/mixamorigLeftShoulder 2/mixamorigLeftArm 2/mixamorigLeftForeArm 2/mixamorigLeftHand 2/mixamorigLeftHandThumb1 2" index="0"]
transform = Transform( 0.960833, 0.194322, -0.197581, -0.203228, 0.978795, -0.025645, 0.188408, 0.0647947, 0.979951, -0.361476, 3.2757, 1.80879e-05 )

[node name="mixamorigLeftHandThumb3 2" parent="Armature001/mixamorigHips 2/mixamorigSpine 2/mixamorigSpine1 2/mixamorigSpine2 2/mixamorigLeftShoulder 2/mixamorigLeftArm 2/mixamorigLeftForeArm 2/mixamorigLeftHand 2/mixamorigLeftHandThumb1 2/mixamorigLeftHandThumb2 2" index="0"]
transform = Transform( 0.993273, -0.115754, -0.00323844, 0.115755, 0.993278, 5.19269e-05, 0.00321066, -0.000426443, 0.999995, 0.0478458, 2.9619, -2.30655e-05 )

[node name="mixamorigLeftHandThumb4 2" parent="Armature001/mixamorigHips 2/mixamorigSpine 2/mixamorigSpine1 2/mixamorigSpine2 2/mixamorigLeftShoulder 2/mixamorigLeftArm 2/mixamorigLeftForeArm 2/mixamorigLeftHand 2/mixamorigLeftHandThumb1 2/mixamorigLeftHandThumb2 2/mixamorigLeftHandThumb3 2" index="0"]
transform = Transform( 1, -4.65661e-09, -1.11759e-08, 4.65661e-09, 1, 1.49012e-08, 1.11759e-08, -1.49012e-08, 1, 0.313624, 2.35923, -1.19209e-06 )

[node name="mixamorigLeftHandIndex1 2" parent="Armature001/mixamorigHips 2/mixamorigSpine 2/mixamorigSpine1 2/mixamorigSpine2 2/mixamorigLeftShoulder 2/mixamorigLeftArm 2/mixamorigLeftForeArm 2/mixamorigLeftHand 2" index="1"]
transform = Transform( 0.979407, -0.10821, -0.170449, 0.0863739, 0.987651, -0.130708, 0.182488, 0.113294, 0.976659, -3.11488, 9.8261, 0.121394 )

[node name="mixamorigLeftHandIndex2 2" parent="Armature001/mixamorigHips 2/mixamorigSpine 2/mixamorigSpine1 2/mixamorigSpine2 2/mixamorigLeftShoulder 2/mixamorigLeftArm 2/mixamorigLeftForeArm 2/mixamorigLeftHand 2/mixamorigLeftHandIndex1 2" index="0"]
transform = Transform( 0.997291, 0.0732688, 0.00644753, -0.071523, 0.986495, -0.147351, -0.0171567, 0.146491, 0.989063, 0.0006814, 2.50759, -1.30555e-06 )

[node name="mixamorigLeftHandIndex3 2" parent="Armature001/mixamorigHips 2/mixamorigSpine 2/mixamorigSpine1 2/mixamorigSpine2 2/mixamorigLeftShoulder 2/mixamorigLeftArm 2/mixamorigLeftForeArm 2/mixamorigLeftHand 2/mixamorigLeftHandIndex1 2/mixamorigLeftHandIndex2 2" index="0"]
transform = Transform( 1, -0.000559384, -7.78696e-07, 0.000559384, 1, 3.05677e-06, 7.76986e-07, -3.0572e-06, 1, -0.00101852, 2.39219, -2.07495e-05 )

[node name="mixamorigLeftHandIndex4 2" parent="Armature001/mixamorigHips 2/mixamorigSpine 2/mixamorigSpine1 2/mixamorigSpine2 2/mixamorigLeftShoulder 2/mixamorigLeftArm 2/mixamorigLeftForeArm 2/mixamorigLeftHand 2/mixamorigLeftHandIndex1 2/mixamorigLeftHandIndex2 2/mixamorigLeftHandIndex3 2" index="0"]
transform = Transform( 1, 3.72529e-09, 1.39698e-08, -3.72529e-09, 1, 2.32831e-08, -1.39698e-08, -2.32831e-08, 1, 0.000332832, 2.12988, 5.30482e-06 )

[node name="mixamorigLeftHandMiddle1 2" parent="Armature001/mixamorigHips 2/mixamorigSpine 2/mixamorigSpine1 2/mixamorigSpine2 2/mixamorigLeftShoulder 2/mixamorigLeftArm 2/mixamorigLeftForeArm 2/mixamorigLeftHand 2" index="2"]
transform = Transform( 0.956954, -0.132248, -0.258361, 0.0925276, 0.98272, -0.160311, 0.275097, 0.129505, 0.952654, -0.979288, 9.825, -0.14968 )

[node name="mixamorigLeftHandMiddle2 2" parent="Armature001/mixamorigHips 2/mixamorigSpine 2/mixamorigSpine1 2/mixamorigSpine2 2/mixamorigLeftShoulder 2/mixamorigLeftArm 2/mixamorigLeftForeArm 2/mixamorigLeftHand 2/mixamorigLeftHandMiddle1 2" index="0"]
transform = Transform( 0.996988, 0.0591937, 0.0501035, -0.0423052, 0.956594, -0.288335, -0.0649964, 0.285347, 0.956218, 0.00145197, 3.00287, -2.07169e-05 )

[node name="mixamorigLeftHandMiddle3 2" parent="Armature001/mixamorigHips 2/mixamorigSpine 2/mixamorigSpine1 2/mixamorigSpine2 2/mixamorigLeftShoulder 2/mixamorigLeftArm 2/mixamorigLeftForeArm 2/mixamorigLeftHand 2/mixamorigLeftHandMiddle1 2/mixamorigLeftHandMiddle2 2" index="0"]
transform = Transform( 0.999993, 0.00380999, 4.79813e-05, -0.00380999, 0.999993, -2.70615e-06, -4.79912e-05, 2.52332e-06, 1, 0.00433207, 2.83673, -1.34893e-05 )

[node name="mixamorigLeftHandMiddle4 2" parent="Armature001/mixamorigHips 2/mixamorigSpine 2/mixamorigSpine1 2/mixamorigSpine2 2/mixamorigLeftShoulder 2/mixamorigLeftArm 2/mixamorigLeftForeArm 2/mixamorigLeftHand 2/mixamorigLeftHandMiddle1 2/mixamorigLeftHandMiddle2 2/mixamorigLeftHandMiddle3 2" index="0"]
transform = Transform( 1, 1.17579e-08, 1.14553e-07, -1.17579e-08, 1, 6.98492e-09, -1.14553e-07, -6.98492e-09, 1, -0.00579166, 2.52802, 3.19779e-05 )

[node name="mixamorigLeftHandRing1 2" parent="Armature001/mixamorigHips 2/mixamorigSpine 2/mixamorigSpine1 2/mixamorigSpine2 2/mixamorigLeftShoulder 2/mixamorigLeftArm 2/mixamorigLeftForeArm 2/mixamorigLeftHand 2" index="3"]
transform = Transform( 0.973191, -0.152061, -0.172559, 0.0807638, 0.928421, -0.362645, 0.215351, 0.338986, 0.915812, 0.992843, 9.5812, -0.173219 )

[node name="mixamorigLeftHandRing2 2" parent="Armature001/mixamorigHips 2/mixamorigSpine 2/mixamorigSpine1 2/mixamorigSpine2 2/mixamorigLeftShoulder 2/mixamorigLeftArm 2/mixamorigLeftForeArm 2/mixamorigLeftHand 2/mixamorigLeftHandRing1 2" index="0"]
transform = Transform( 0.997588, -0.0599035, 0.0350715, 0.0673904, 0.95692, -0.282423, -0.0166425, 0.284105, 0.958649, -0.00198042, 2.67012, -1.70993e-05 )

[node name="mixamorigLeftHandRing3 2" parent="Armature001/mixamorigHips 2/mixamorigSpine 2/mixamorigSpine1 2/mixamorigSpine2 2/mixamorigLeftShoulder 2/mixamorigLeftArm 2/mixamorigLeftForeArm 2/mixamorigLeftHand 2/mixamorigLeftHandRing1 2/mixamorigLeftHandRing2 2" index="0"]
transform = Transform( 0.999998, -0.00190428, 2.88203e-05, 0.00190428, 0.999998, -1.52058e-06, -2.88173e-05, 1.57546e-06, 1, -0.00116861, 2.47189, 6.68379e-06 )

[node name="mixamorigLeftHandRing4 2" parent="Armature001/mixamorigHips 2/mixamorigSpine 2/mixamorigSpine1 2/mixamorigSpine2 2/mixamorigLeftShoulder 2/mixamorigLeftArm 2/mixamorigLeftForeArm 2/mixamorigLeftHand 2/mixamorigLeftHandRing1 2/mixamorigLeftHandRing2 2/mixamorigLeftHandRing3 2" index="0"]
transform = Transform( 1, -4.98258e-08, 7.68341e-09, 4.98258e-08, 1, -2.10712e-08, -7.68341e-09, 2.10712e-08, 1, 0.00314403, 2.18526, -1.90735e-05 )

[node name="mixamorigLeftHandPinky1 2" parent="Armature001/mixamorigHips 2/mixamorigSpine 2/mixamorigSpine1 2/mixamorigSpine2 2/mixamorigLeftShoulder 2/mixamorigLeftArm 2/mixamorigLeftForeArm 2/mixamorigLeftHand 2" index="4"]
transform = Transform( 0.979851, -0.0746367, -0.185259, 0.0111843, 0.946602, -0.32221, 0.199415, 0.313646, 0.928364, 3.10134, 9.13016, 0.189403 )

[node name="mixamorigLeftHandPinky2 2" parent="Armature001/mixamorigHips 2/mixamorigSpine 2/mixamorigSpine1 2/mixamorigSpine2 2/mixamorigLeftShoulder 2/mixamorigLeftArm 2/mixamorigLeftForeArm 2/mixamorigLeftHand 2/mixamorigLeftHandPinky1 2" index="0"]
transform = Transform( 0.987362, -0.106739, 0.117142, 0.152624, 0.839495, -0.521491, -0.0426771, 0.53278, 0.845177, 0.00269467, 2.00132, 2.39412e-06 )

[node name="mixamorigLeftHandPinky3 2" parent="Armature001/mixamorigHips 2/mixamorigSpine 2/mixamorigSpine1 2/mixamorigSpine2 2/mixamorigLeftShoulder 2/mixamorigLeftArm 2/mixamorigLeftForeArm 2/mixamorigLeftHand 2/mixamorigLeftHandPinky1 2/mixamorigLeftHandPinky2 2" index="0"]
transform = Transform( 0.999986, 0.00536177, 0.000168632, -0.00536177, 0.999985, 5.09185e-07, -0.000168627, -1.41334e-06, 1, 0.00268525, 1.63096, 2.48048e-05 )

[node name="mixamorigLeftHandPinky4 2" parent="Armature001/mixamorigHips 2/mixamorigSpine 2/mixamorigSpine1 2/mixamorigSpine2 2/mixamorigLeftShoulder 2/mixamorigLeftArm 2/mixamorigLeftForeArm 2/mixamorigLeftHand 2/mixamorigLeftHandPinky1 2/mixamorigLeftHandPinky2 2/mixamorigLeftHandPinky3 2" index="0"]
transform = Transform( 1, 1.53668e-08, 2.30968e-07, -1.53668e-08, 1, 1.86265e-09, -2.30968e-07, -1.86265e-09, 1, -0.00538564, 1.45677, -7.3649e-06 )

[node name="mixamorigRightShoulder 2" parent="Armature001/mixamorigHips 2/mixamorigSpine 2/mixamorigSpine1 2/mixamorigSpine2 2" index="2"]
transform = Transform( -0.208329, -0.913196, 0.350247, -0.0504077, -0.347603, -0.936286, 0.976759, -0.21271, 0.0263836, -6.50995, 14.372, -0.0969434 )

[node name="mixamorigRightArm 2" parent="Armature001/mixamorigHips 2/mixamorigSpine 2/mixamorigSpine1 2/mixamorigSpine2 2/mixamorigRightShoulder 2" index="0"]
transform = Transform( 0.633055, -0.77199, -0.0572022, 0.723121, 0.616117, -0.312243, 0.276292, 0.156303, 0.948279, -2.82318e-06, 13.4562, 5.33571e-06 )

[node name="mixamorigRightForeArm 2" parent="Armature001/mixamorigHips 2/mixamorigSpine 2/mixamorigSpine1 2/mixamorigSpine2 2/mixamorigRightShoulder 2/mixamorigRightArm 2" index="0"]
transform = Transform( 0.181093, 0.440942, -0.879077, -0.982896, 0.111582, -0.146512, 0.0334856, 0.890573, 0.453607, -4.90832e-06, 17.7774, -8.32408e-06 )

[node name="mixamorigRightHand 2" parent="Armature001/mixamorigHips 2/mixamorigSpine 2/mixamorigSpine1 2/mixamorigSpine2 2/mixamorigRightShoulder 2/mixamorigRightArm 2/mixamorigRightForeArm 2" index="0"]
transform = Transform( 0.969939, -0.138922, 0.199798, 0.151487, 0.987246, -0.0489626, -0.190448, 0.0777576, 0.978613, -3.71433e-06, 29.9619, -1.83826e-06 )

[node name="mixamorigRightHandThumb1 2" parent="Armature001/mixamorigHips 2/mixamorigSpine 2/mixamorigSpine1 2/mixamorigSpine2 2/mixamorigRightShoulder 2/mixamorigRightArm 2/mixamorigRightForeArm 2/mixamorigRightHand 2" index="0"]
transform = Transform( 0.881978, 0.37477, -0.285767, -0.448938, 0.852604, -0.267433, 0.14342, 0.364161, 0.920227, 2.62555, 3.00246, 1.12599 )

[node name="mixamorigRightHandThumb2 2" parent="Armature001/mixamorigHips 2/mixamorigSpine 2/mixamorigSpine1 2/mixamorigSpine2 2/mixamorigRightShoulder 2/mixamorigRightArm 2/mixamorigRightForeArm 2/mixamorigRightHand 2/mixamorigRightHandThumb1 2" index="0"]
transform = Transform( 0.933406, -0.279548, 0.224959, 0.294202, 0.955146, -0.0337861, -0.205424, 0.0977196, 0.973782, 0.317747, 3.30028, -6.82093e-06 )

[node name="mixamorigRightHandThumb3 2" parent="Armature001/mixamorigHips 2/mixamorigSpine 2/mixamorigSpine1 2/mixamorigSpine2 2/mixamorigRightShoulder 2/mixamorigRightArm 2/mixamorigRightForeArm 2/mixamorigRightHand 2/mixamorigRightHandThumb1 2/mixamorigRightHandThumb2 2" index="0"]
transform = Transform( 0.994406, 0.105617, 0.00152452, -0.105617, 0.994407, 1.94688e-05, -0.00151394, -0.000180376, 0.999999, -0.0369458, 2.95358, -4.14462e-06 )

[node name="mixamorigRightHandThumb4 2" parent="Armature001/mixamorigHips 2/mixamorigSpine 2/mixamorigSpine1 2/mixamorigSpine2 2/mixamorigRightShoulder 2/mixamorigRightArm 2/mixamorigRightForeArm 2/mixamorigRightHand 2/mixamorigRightHandThumb1 2/mixamorigRightHandThumb2 2/mixamorigRightHandThumb3 2" index="0"]
transform = Transform( 1, 9.49949e-08, -1.11759e-08, -9.49949e-08, 1, -3.72529e-08, 1.11759e-08, 3.72529e-08, 1, -0.280784, 2.36171, 9.65595e-06 )

[node name="mixamorigRightHandIndex1 2" parent="Armature001/mixamorigHips 2/mixamorigSpine 2/mixamorigSpine1 2/mixamorigSpine2 2/mixamorigRightShoulder 2/mixamorigRightArm 2/mixamorigRightForeArm 2/mixamorigRightHand 2" index="1"]
transform = Transform( 0.984941, 0.0359016, 0.169121, 0.0719986, 0.80417, -0.590023, -0.157185, 0.593314, 0.789475, 3.06779, 9.75204, 0.178038 )

[node name="mixamorigRightHandIndex2 2" parent="Armature001/mixamorigHips 2/mixamorigSpine 2/mixamorigSpine1 2/mixamorigSpine2 2/mixamorigRightShoulder 2/mixamorigRightArm 2/mixamorigRightForeArm 2/mixamorigRightHand 2/mixamorigRightHandIndex1 2" index="0"]
transform = Transform( 0.994674, -0.102838, 0.00696086, 0.0999099, 0.94534, -0.310403, 0.025341, 0.309446, 0.950579, 0.00477648, 2.49471, -9.35722e-06 )

