[gd_scene load_steps=2 format=2]

[ext_resource path="res://Assets/Modelos/Animaciones/Boss/pain.gltf" type="PackedScene" id=1]

[node name="pain" instance=ExtResource( 1 )]

[node name="mixamorigHips" parent="Armature" index="0"]
transform = Transform( 0.758916, 0.246245, -0.602835, 0.637237, -0.0902338, 0.765367, 0.134071, -0.964998, -0.225396, 13.9374, -1.43742, -102.01 )

[node name="mixamorigSpine" parent="Armature/mixamorigHips" index="0"]
transform = Transform( 0.996203, 0.0793187, 0.0358805, -0.0717481, 0.981477, -0.177637, -0.0493059, 0.174388, 0.983442, -2.40741e-07, 10.5695, -1.04292 )

[node name="mixamorigSpine1" parent="Armature/mixamorigHips/mixamorigSpine" index="0"]
transform = Transform( 0.994451, -0.0371572, 0.0984174, 0.0498611, 0.990267, -0.129946, -0.092631, 0.134132, 0.986625, 4.77334e-07, 12.391, 2.38421e-07 )

[node name="mixamorigSpine2" parent="Armature/mixamorigHips/mixamorigSpine/mixamorigSpine1" index="0"]
transform = Transform( 0.994924, -0.0390818, 0.0927269, 0.0513345, 0.989695, -0.133671, -0.0865473, 0.137752, 0.986678, 2.37157e-07, 14.1611, -4.76811e-07 )

[node name="mixamorigNeck" parent="Armature/mixamorigHips/mixamorigSpine/mixamorigSpine1/mixamorigSpine2" index="0"]
transform = Transform( 0.993131, -0.0996904, 0.0612679, 0.105716, 0.988882, -0.104577, -0.0501614, 0.110336, 0.992628, -4.77341e-07, 15.9313, 5.5111e-06 )

[node name="mixamorigHead" parent="Armature/mixamorigHips/mixamorigSpine/mixamorigSpine1/mixamorigSpine2/mixamorigNeck" index="0"]
transform = Transform( 0.903623, 0.0233562, 0.427692, -0.0426948, 0.998451, 0.0356798, -0.426196, -0.0505014, 0.90322, -9.60873e-07, 5.93647, 1.44503 )

[node name="mixamorigHeadTop_End" parent="Armature/mixamorigHips/mixamorigSpine/mixamorigSpine1/mixamorigSpine2/mixamorigNeck/mixamorigHead" index="0"]
transform = Transform( 1, -1.28655e-09, -5.14673e-09, 1.28655e-09, 1, -3.27123e-08, 5.14673e-09, 3.27123e-08, 1, -4.25091e-07, 20.1808, 4.91234 )

[node name="mixamorigHeadTop_Hair01" parent="Armature/mixamorigHips/mixamorigSpine/mixamorigSpine1/mixamorigSpine2/mixamorigNeck/mixamorigHead/mixamorigHeadTop_End" index="0"]
transform = Transform( 0.954626, 0.0655629, 0.290501, -0.26748, -0.240109, 0.933168, 0.130933, -0.968529, -0.211677, -2.26836e-06, -1.42904, -10.9896 )

[node name="mixamorigHeadTop_Hair02" parent="Armature/mixamorigHips/mixamorigSpine/mixamorigSpine1/mixamorigSpine2/mixamorigNeck/mixamorigHead/mixamorigHeadTop_End/mixamorigHeadTop_Hair01" index="0"]
transform = Transform( 0.862743, -0.503294, 0.0486773, 0.456017, 0.732865, -0.504933, 0.218456, 0.457825, 0.861785, -5.32594e-06, 14.6365, -3.62792e-06 )

[node name="mixamorigHeadTop_Hair03" parent="Armature/mixamorigHips/mixamorigSpine/mixamorigSpine1/mixamorigSpine2/mixamorigNeck/mixamorigHead/mixamorigHeadTop_End/mixamorigHeadTop_Hair01/mixamorigHeadTop_Hair02" index="0"]
transform = Transform( 0.983083, -0.182991, -0.0078174, 0.181571, 0.979284, -0.0896414, 0.024059, 0.0867056, 0.995943, 2.31475e-06, 19.3842, 1.01768e-05 )

[node name="mixamorigHeadTop_Hair04" parent="Armature/mixamorigHips/mixamorigSpine/mixamorigSpine1/mixamorigSpine2/mixamorigNeck/mixamorigHead/mixamorigHeadTop_End/mixamorigHeadTop_Hair01/mixamorigHeadTop_Hair02/mixamorigHeadTop_Hair03" index="0"]
transform = Transform( 0.991516, -0.128804, 0.0174898, 0.125875, 0.917857, -0.376422, 0.0324314, 0.375429, 0.926283, -4.96606e-06, 19.1674, 3.12784e-06 )

[node name="mixamorigLeftShoulder" parent="Armature/mixamorigHips/mixamorigSpine/mixamorigSpine1/mixamorigSpine2" index="1"]
transform = Transform( -0.257941, 0.890255, -0.375382, -0.00178963, -0.388969, -0.921249, -0.966159, -0.236957, 0.101924, 6.50995, 14.3831, -0.209687 )

[node name="mixamorigLeftArm" parent="Armature/mixamorigHips/mixamorigSpine/mixamorigSpine1/mixamorigSpine2/mixamorigLeftShoulder" index="0"]
transform = Transform( 0.909162, 0.0701573, 0.410491, 0.230272, 0.736612, -0.635906, -0.346986, 0.672667, 0.653544, 2.23036e-06, 13.4562, -1.19551e-05 )

[node name="mixamorigLeftForeArm" parent="Armature/mixamorigHips/mixamorigSpine/mixamorigSpine1/mixamorigSpine2/mixamorigLeftShoulder/mixamorigLeftArm" index="0"]
transform = Transform( -0.0206102, -0.993892, 0.108419, 0.990775, -0.0348321, -0.130967, 0.133943, 0.10472, 0.98544, 1.81981e-06, 17.7772, -5.09442e-06 )

[node name="mixamorigLeftHand" parent="Armature/mixamorigHips/mixamorigSpine/mixamorigSpine1/mixamorigSpine2/mixamorigLeftShoulder/mixamorigLeftArm/mixamorigLeftForeArm" index="0"]
transform = Transform( 0.959017, 0.108812, 0.261624, -0.16091, 0.969137, 0.186764, -0.233227, -0.221208, 0.946928, -6.61379e-07, 29.8993, 6.8818e-06 )

[node name="mixamorigLeftHandThumb1" parent="Armature/mixamorigHips/mixamorigSpine/mixamorigSpine1/mixamorigSpine2/mixamorigLeftShoulder/mixamorigLeftArm/mixamorigLeftForeArm/mixamorigLeftHand" index="0"]
transform = Transform( 0.963847, -0.0970752, 0.248145, 0.144195, 0.973154, -0.179383, -0.22407, 0.208679, 0.951969, -2.62199, 2.96904, 1.13148 )

[node name="mixamorigLeftHandThumb2" parent="Armature/mixamorigHips/mixamorigSpine/mixamorigSpine1/mixamorigSpine2/mixamorigLeftShoulder/mixamorigLeftArm/mixamorigLeftForeArm/mixamorigLeftHand/mixamorigLeftHandThumb1" index="0"]
transform = Transform( 0.99067, -0.126024, -0.0518716, 0.125011, 0.991904, -0.0223367, 0.0542666, 0.0156438, 0.998404, -0.361488, 3.27571, -2.6958e-06 )

[node name="mixamorigLeftHandThumb3" parent="Armature/mixamorigHips/mixamorigSpine/mixamorigSpine1/mixamorigSpine2/mixamorigLeftShoulder/mixamorigLeftArm/mixamorigLeftForeArm/mixamorigLeftHand/mixamorigLeftHandThumb1/mixamorigLeftHandThumb2" index="0"]
transform = Transform( 0.970209, -0.241336, -0.0212522, 0.238173, 0.934065, 0.266076, -0.0443627, -0.263211, 0.963718, 0.0478458, 2.9619, -2.12035e-05 )

[node name="mixamorigLeftHandThumb4" parent="Armature/mixamorigHips/mixamorigSpine/mixamorigSpine1/mixamorigSpine2/mixamorigLeftShoulder/mixamorigLeftArm/mixamorigLeftForeArm/mixamorigLeftHand/mixamorigLeftHandThumb1/mixamorigLeftHandThumb2/mixamorigLeftHandThumb3" index="0"]
transform = Transform( 1, 2.49099e-08, -2.57275e-08, -2.49099e-08, 1, 3.19573e-08, 2.57275e-08, -3.19573e-08, 1, 0.313625, 2.35923, 4.52986e-06 )

[node name="mixamorigLeftHandIndex1" parent="Armature/mixamorigHips/mixamorigSpine/mixamorigSpine1/mixamorigSpine2/mixamorigLeftShoulder/mixamorigLeftArm/mixamorigLeftForeArm/mixamorigLeftHand" index="1"]
transform = Transform( 0.995861, 0.0611471, 0.0672511, 0.00289281, 0.71819, -0.695841, -0.0908477, 0.693155, 0.71504, -3.11489, 9.8261, 0.121376 )

[node name="mixamorigLeftHandIndex2" parent="Armature/mixamorigHips/mixamorigSpine/mixamorigSpine1/mixamorigSpine2/mixamorigLeftShoulder/mixamorigLeftArm/mixamorigLeftForeArm/mixamorigLeftHand/mixamorigLeftHandIndex1" index="0"]
transform = Transform( 0.991906, 0.0946208, -0.0846701, -0.0944959, 0.104707, -0.990003, -0.0848094, 0.989992, 0.1128, 0.000674721, 2.50762, -5.75836e-06 )

[node name="mixamorigLeftHandIndex3" parent="Armature/mixamorigHips/mixamorigSpine/mixamorigSpine1/mixamorigSpine2/mixamorigLeftShoulder/mixamorigLeftArm/mixamorigLeftForeArm/mixamorigLeftHand/mixamorigLeftHandIndex1/mixamorigLeftHandIndex2" index="0"]
transform = Transform( 0.991845, 0.0941808, -0.0858672, -0.09393, 0.0848072, -0.99196, -0.0861414, 0.991936, 0.092962, -0.000998497, 2.39218, -1.70274e-05 )

[node name="mixamorigLeftHandIndex4" parent="Armature/mixamorigHips/mixamorigSpine/mixamorigSpine1/mixamorigSpine2/mixamorigLeftShoulder/mixamorigLeftArm/mixamorigLeftForeArm/mixamorigLeftHand/mixamorigLeftHandIndex1/mixamorigLeftHandIndex2/mixamorigLeftHandIndex3" index="0"]
transform = Transform( 1, -3.28417e-08, 2.79813e-09, 3.28417e-08, 1, 6.50912e-09, -2.79813e-09, -6.50912e-09, 1, 0.000328056, 2.12987, 5.30484e-06 )

[node name="mixamorigLeftHandMiddle1" parent="Armature/mixamorigHips/mixamorigSpine/mixamorigSpine1/mixamorigSpine2/mixamorigLeftShoulder/mixamorigLeftArm/mixamorigLeftForeArm/mixamorigLeftHand" index="2"]
transform = Transform( 0.998719, 0.050112, 0.00701707, -0.0223973, 0.56214, -0.826739, -0.0453741, 0.825523, 0.562542, -0.979289, 9.82501, -0.14968 )

[node name="mixamorigLeftHandMiddle2" parent="Armature/mixamorigHips/mixamorigSpine/mixamorigSpine1/mixamorigSpine2/mixamorigLeftShoulder/mixamorigLeftArm/mixamorigLeftForeArm/mixamorigLeftHand/mixamorigLeftHandMiddle1" index="0"]
transform = Transform( 0.992648, 0.0901275, -0.0807906, -0.0918128, 0.125738, -0.987806, -0.07887, 0.987961, 0.133088, 0.00144481, 3.00287, -1.58201e-05 )

[node name="mixamorigLeftHandMiddle3" parent="Armature/mixamorigHips/mixamorigSpine/mixamorigSpine1/mixamorigSpine2/mixamorigLeftShoulder/mixamorigLeftArm/mixamorigLeftForeArm/mixamorigLeftHand/mixamorigLeftHandMiddle1/mixamorigLeftHandMiddle2" index="0"]
transform = Transform( 0.990067, 0.0936185, -0.104897, -0.0927019, -0.126267, -0.987655, -0.105708, 0.987569, -0.116334, 0.00433492, 2.83673, -5.16156e-06 )

[node name="mixamorigLeftHandMiddle4" parent="Armature/mixamorigHips/mixamorigSpine/mixamorigSpine1/mixamorigSpine2/mixamorigLeftShoulder/mixamorigLeftArm/mixamorigLeftForeArm/mixamorigLeftHand/mixamorigLeftHandMiddle1/mixamorigLeftHandMiddle2/mixamorigLeftHandMiddle3" index="0"]
transform = Transform( 1, 1.36423e-08, 1.1829e-07, -1.36423e-08, 1, -1.16453e-08, -1.1829e-07, 1.16453e-08, 1, -0.00578498, 2.52802, 1.57664e-05 )

[node name="mixamorigLeftHandRing1" parent="Armature/mixamorigHips/mixamorigSpine/mixamorigSpine1/mixamorigSpine2/mixamorigLeftShoulder/mixamorigLeftArm/mixamorigLeftForeArm/mixamorigLeftHand" index="3"]
transform = Transform( 0.998379, 0.0562575, -0.00859466, -0.0262852, 0.321885, -0.946414, -0.0504764, 0.945106, 0.322842, 0.992842, 9.58118, -0.173221 )

[node name="mixamorigLeftHandRing2" parent="Armature/mixamorigHips/mixamorigSpine/mixamorigSpine1/mixamorigSpine2/mixamorigLeftShoulder/mixamorigLeftArm/mixamorigLeftForeArm/mixamorigLeftHand/mixamorigLeftHandRing1" index="0"]
transform = Transform( 0.992613, 0.0916238, -0.0795228, -0.0905563, 0.123341, -0.988224, -0.0807364, 0.988126, 0.130727, -0.00198185, 2.67011, -1.67241e-05 )

[node name="mixamorigLeftHandRing3" parent="Armature/mixamorigHips/mixamorigSpine/mixamorigSpine1/mixamorigSpine2/mixamorigLeftShoulder/mixamorigLeftArm/mixamorigLeftForeArm/mixamorigLeftHand/mixamorigLeftHandRing1/mixamorigLeftHandRing2" index="0"]
transform = Transform( 0.990986, 0.0902287, -0.0990197, -0.091206, -0.0869608, -0.992028, -0.0981202, 0.992117, -0.0779476, -0.00116146, 2.47188, 6.27464e-06 )

[node name="mixamorigLeftHandRing4" parent="Armature/mixamorigHips/mixamorigSpine/mixamorigSpine1/mixamorigSpine2/mixamorigLeftShoulder/mixamorigLeftArm/mixamorigLeftForeArm/mixamorigLeftHand/mixamorigLeftHandRing1/mixamorigLeftHandRing2/mixamorigLeftHandRing3" index="0"]
transform = Transform( 1, -2.11913e-08, 2.24671e-10, 2.11913e-08, 1, -3.68302e-08, -2.2467e-10, 3.68302e-08, 1, 0.00315167, 2.18526, -1.93161e-05 )

[node name="mixamorigLeftHandPinky1" parent="Armature/mixamorigHips/mixamorigSpine/mixamorigSpine1/mixamorigSpine2/mixamorigLeftShoulder/mixamorigLeftArm/mixamorigLeftForeArm/mixamorigLeftHand" index="4"]
transform = Transform( 0.97588, -0.0997502, -0.194183, -0.147863, 0.352374, -0.924104, 0.160605, 0.930528, 0.329126, 3.10135, 9.13015, 0.189407 )

[node name="mixamorigLeftHandPinky2" parent="Armature/mixamorigHips/mixamorigSpine/mixamorigSpine1/mixamorigSpine2/mixamorigLeftShoulder/mixamorigLeftArm/mixamorigLeftForeArm/mixamorigLeftHand/mixamorigLeftHandPinky1" index="0"]
transform = Transform( 0.990497, 0.087784, -0.105875, -0.0912148, -0.156854, -0.9834, -0.102934, 0.983713, -0.147356, 0.00269467, 2.00134, 1.76878e-07 )

[node name="mixamorigLeftHandPinky3" parent="Armature/mixamorigHips/mixamorigSpine/mixamorigSpine1/mixamorigSpine2/mixamorigLeftShoulder/mixamorigLeftArm/mixamorigLeftForeArm/mixamorigLeftHand/mixamorigLeftHandPinky1/mixamorigLeftHandPinky2" index="0"]
transform = Transform( 0.990046, 0.0931102, -0.105547, -0.0906009, -0.152267, -0.984178, -0.107708, 0.983944, -0.142315, 0.00268907, 1.63096, -2.1585e-06 )

[node name="mixamorigLeftHandPinky4" parent="Armature/mixamorigHips/mixamorigSpine/mixamorigSpine1/mixamorigSpine2/mixamorigLeftShoulder/mixamorigLeftArm/mixamorigLeftForeArm/mixamorigLeftHand/mixamorigLeftHandPinky1/mixamorigLeftHandPinky2/mixamorigLeftHandPinky3" index="0"]
transform = Transform( 1, -1.5296e-08, 2.28675e-07, 1.5296e-08, 1, -4.44024e-09, -2.28675e-07, 4.44025e-09, 1, -0.0053863, 1.45678, 1.26747e-07 )

[node name="mixamorigRightShoulder" parent="Armature/mixamorigHips/mixamorigSpine/mixamorigSpine1/mixamorigSpine2" index="2"]
transform = Transform( 0.0783278, -0.766013, 0.638035, 0.00353751, -0.639784, -0.768546, 0.996921, 0.0624556, -0.0474031, -6.50995, 14.372, -0.0969439 )

[node name="mixamorigRightArm" parent="Armature/mixamorigHips/mixamorigSpine/mixamorigSpine1/mixamorigSpine2/mixamorigRightShoulder" index="0"]
transform = Transform( 0.774887, 0.629256, 0.0598987, -0.386079, 0.546193, -0.743381, -0.500493, 0.552911, 0.66618, -4.02133e-06, 13.4562, 9.13889e-06 )

[node name="mixamorigRightForeArm" parent="Armature/mixamorigHips/mixamorigSpine/mixamorigSpine1/mixamorigSpine2/mixamorigRightShoulder/mixamorigRightArm" index="0"]
transform = Transform( -0.194253, 0.973387, -0.121593, -0.970108, -0.209004, -0.123322, -0.145453, 0.094003, 0.984889, 1.24437e-07, 17.7774, -3.53375e-06 )

[node name="mixamorigRightHand" parent="Armature/mixamorigHips/mixamorigSpine/mixamorigSpine1/mixamorigSpine2/mixamorigRightShoulder/mixamorigRightArm/mixamorigRightForeArm" index="0"]
transform = Transform( 0.735795, 0.0876531, -0.671508, -0.146564, 0.988698, -0.0315388, 0.661154, 0.121625, 0.740326, -5.434e-06, 29.9619, -1.44649e-06 )

[node name="mixamorigRightHandThumb1" parent="Armature/mixamorigHips/mixamorigSpine/mixamorigSpine1/mixamorigSpine2/mixamorigRightShoulder/mixamorigRightArm/mixamorigRightForeArm/mixamorigRightHand" index="0"]
transform = Transform( 0.925367, 0.212775, -0.313725, -0.315072, 0.891888, -0.324445, 0.210774, 0.399077, 0.892363, 2.62554, 3.00246, 1.12599 )

[node name="mixamorigRightHandThumb2" parent="Armature/mixamorigHips/mixamorigSpine/mixamorigSpine1/mixamorigSpine2/mixamorigRightShoulder/mixamorigRightArm/mixamorigRightForeArm/mixamorigRightHand/mixamorigRightHandThumb1" index="0"]
transform = Transform( 0.999912, 0.0116371, -0.00638462, -0.0116621, 0.999924, -0.00389811, 0.00633877, 0.00397222, 0.999972, 0.317739, 3.30027, 6.11777e-06 )

[node name="mixamorigRightHandThumb3" parent="Armature/mixamorigHips/mixamorigSpine/mixamorigSpine1/mixamorigSpine2/mixamorigRightShoulder/mixamorigRightArm/mixamorigRightForeArm/mixamorigRightHand/mixamorigRightHandThumb1/mixamorigRightHandThumb2" index="0"]
transform = Transform( 0.95435, -0.273269, -0.120582, 0.295879, 0.920162, 0.25643, 0.0408809, -0.280402, 0.959011, -0.0369499, 2.9536, -1.12223e-05 )

[node name="mixamorigRightHandThumb4" parent="Armature/mixamorigHips/mixamorigSpine/mixamorigSpine1/mixamorigSpine2/mixamorigRightShoulder/mixamorigRightArm/mixamorigRightForeArm/mixamorigRightHand/mixamorigRightHandThumb1/mixamorigRightHandThumb2/mixamorigRightHandThumb3" index="0"]
transform = Transform( 1, 6.89167e-08, -2.60769e-08, -6.89167e-08, 1, -2.23517e-08, 2.60769e-08, 2.23517e-08, 1, -0.280782, 2.36171, 2.02653e-06 )

[node name="mixamorigRightHandIndex1" parent="Armature/mixamorigHips/mixamorigSpine/mixamorigSpine1/mixamorigSpine2/mixamorigRightShoulder/mixamorigRightArm/mixamorigRightForeArm/mixamorigRightHand" index="1"]
transform = Transform( 0.95272, 0.268431, -0.142373, -0.255016, 0.961147, 0.105654, 0.165202, -0.0643513, 0.984158, 3.06779, 9.75204, 0.178034 )

[node name="mixamorigRightHandIndex2" parent="Armature/mixamorigHips/mixamorigSpine/mixamorigSpine1/mixamorigSpine2/mixamorigRightShoulder/mixamorigRightArm/mixamorigRightForeArm/mixamorigRightHand/mixamorigRightHandIndex1" index="0"]
transform = Transform( 0.999428, -0.0332678, 0.00615208, 0.0330316, 0.9202, -0.390052, 0.00731504, 0.390032, 0.920772, 0.00477838, 2.4947, -4.47468e-06 )

[node name="mixamorigRightHandIndex3" parent="Armature/mixamorigHips/mixamorigSpine/mixamorigSpine1/mixamorigSpine2/mixamorigRightShoulder/mixamorigRightArm/mixamorigRightForeArm/mixamorigRightHand/mixamorigRightHandIndex1/mixamorigRightHandIndex2" index="0"]
transform = Transform( 0.99928, -0.0367058, 0.00960506, 0.036893, 0.880906, -0.471851, 0.00885847, 0.471865, 0.881626, 0.00235391, 2.46476, -2.59814e-05 )

[node name="mixamorigRightHandIndex4" parent="Armature/mixamorigHips/mixamorigSpine/mixamorigSpine1/mixamorigSpine2/mixamorigRightShoulder/mixamorigRightArm/mixamorigRightForeArm/mixamorigRightHand/mixamorigRightHandIndex1/mixamorigRightHandIndex2/mixamorigRightHandIndex3" index="0"]
transform = Transform( 1, -1.44318e-08, 8.07116e-09, 1.44318e-08, 1, 4.65595e-10, -8.07116e-09, -4.65595e-10, 1, -0.00713523, 1.95055, -7.39935e-06 )

[node name="mixamorigRightHandMiddle1" parent="Armature/mixamorigHips/mixamorigSpine/mixamorigSpine1/mixamorigSpine2/mixamorigRightShoulder/mixamorigRightArm/mixamorigRightForeArm/mixamorigRightHand" index="2"]
transform = Transform( 0.995906, 0.0903547, -0.00277372, -0.0903972, 0.995485, -0.0289684, 0.000143762, 0.0291006, 0.999576, 0.952105, 9.73203, -0.157328 )

[node name="mixamorigRightHandMiddle2" parent="Armature/mixamorigHips/mixamorigSpine/mixamorigSpine1/mixamorigSpine2/mixamorigRightShoulder/mixamorigRightArm/mixamorigRightForeArm/mixamorigRightHand/mixamorigRightHandMiddle1" index="0"]
transform = Transform( 0.998928, -0.0445599, 0.012553, 0.0445471, 0.851424, -0.522582, 0.0125983, 0.522582, 0.852496, 0.00087166, 2.98896, 2.5043e-06 )

[node name="mixamorigRightHandMiddle3" parent="Armature/mixamorigHips/mixamorigSpine/mixamorigSpine1/mixamorigSpine2/mixamorigRightShoulder/mixamorigRightArm/mixamorigRightForeArm/mixamorigRightHand/mixamorigRightHandMiddle1/mixamorigRightHandMiddle2" index="0"]
transform = Transform( 0.997927, -0.0596594, 0.0241415, 0.0597501, 0.719423, -0.691997, 0.0239161, 0.692005, 0.721496, -0.00060797, 2.86021, 2.6371e-05 )

[node name="mixamorigRightHandMiddle4" parent="Armature/mixamorigHips/mixamorigSpine/mixamorigSpine1/mixamorigSpine2/mixamorigRightShoulder/mixamorigRightArm/mixamorigRightForeArm/mixamorigRightHand/mixamorigRightHandMiddle1/mixamorigRightHandMiddle2/mixamorigRightHandMiddle3" index="0"]
transform = Transform( 1, -1.1177e-08, 1.55171e-09, 1.1177e-08, 1, 1.00904e-08, -1.5517e-09, -1.00904e-08, 1, -0.000255744, 2.59538, 7.91681e-06 )

[node name="mixamorigRightHandRing1" parent="Armature/mixamorigHips/mixamorigSpine/mixamorigSpine1/mixamorigSpine2/mixamorigRightShoulder/mixamorigRightArm/mixamorigRightForeArm/mixamorigRightHand" index="3"]
transform = Transform( 0.995351, -0.0950104, -0.0157738, 0.089786, 0.974646, -0.20495, 0.0348463, 0.202581, 0.978645, -1.03929, 9.87612, -0.0494284 )

[node name="mixamorigRightHandRing2" parent="Armature/mixamorigHips/mixamorigSpine/mixamorigSpine1/mixamorigSpine2/mixamorigRightShoulder/mixamorigRightArm/mixamorigRightForeArm/mixamorigRightHand/mixamorigRightHandRing1" index="0"]
transform = Transform( 0.998907, -0.0446672, 0.0137497, 0.0446836, 0.826563, -0.561068, 0.0136963, 0.561069, 0.827656, 0.00151115, 2.5349, 1.38647e-05 )

[node name="mixamorigRightHandRing3" parent="Armature/mixamorigHips/mixamorigSpine/mixamorigSpine1/mixamorigSpine2/mixamorigRightShoulder/mixamorigRightArm/mixamorigRightForeArm/mixamorigRightHand/mixamorigRightHandRing1/mixamorigRightHandRing2" index="0"]
transform = Transform( 0.998578, -0.0504197, 0.017349, 0.0505519, 0.791712, -0.608799, 0.0169601, 0.60881, 0.793135, -0.0017045, 2.40726, 2.53057e-05 )

[node name="mixamorigRightHandRing4" parent="Armature/mixamorigHips/mixamorigSpine/mixamorigSpine1/mixamorigSpine2/mixamorigRightShoulder/mixamorigRightArm/mixamorigRightForeArm/mixamorigRightHand/mixamorigRightHandRing1/mixamorigRightHandRing2/mixamorigRightHandRing3" index="0"]
transform = Transform( 1, -1.64164e-08, 1.51194e-08, 1.64164e-08, 1, -1.11906e-08, -1.51194e-08, 1.11906e-08, 1, 0.000180173, 2.0145, 3.04298e-06 )

[node name="mixamorigRightHandPinky1" parent="Armature/mixamorigHips/mixamorigSpine/mixamorigSpine1/mixamorigSpine2/mixamorigRightShoulder/mixamorigRightArm/mixamorigRightForeArm/mixamorigRightHand" index="4"]
transform = Transform( 0.946447, -0.202015, 0.251848, 0.258995, 0.940803, -0.218658, -0.192767, 0.272175, 0.942742, -2.98059, 8.70158, 0.103219 )

[node name="mixamorigRightHandPinky2" parent="Armature/mixamorigHips/mixamorigSpine/mixamorigSpine1/mixamorigSpine2/mixamorigRightShoulder/mixamorigRightArm/mixamorigRightForeArm/mixamorigRightHand/mixamorigRightHandPinky1" index="0"]
transform = Transform( 0.997275, -0.0677502, 0.0291879, 0.0679945, 0.690716, -0.719922, 0.0286144, 0.719945, 0.693441, -0.00201174, 2.12277, -1.81168e-05 )

[node name="mixamorigRightHandPinky3" parent="Armature/mixamorigHips/mixamorigSpine/mixamorigSpine1/mixamorigSpine2/mixamorigRightShoulder/mixamorigRightArm/mixamorigRightForeArm/mixamorigRightHand/mixamorigRightHandPinky1/mixamorigRightHandPinky2" index="0"]
transform = Transform( 0.997905, -0.0609074, 0.0218101, 0.0605703, 0.76115, -0.645742, 0.0227297, 0.64571, 0.763244, 0.000365346, 1.77814, -5.83261e-06 )

[node name="mixamorigRightHandPinky4" parent="Armature/mixamorigHips/mixamorigSpine/mixamorigSpine1/mixamorigSpine2/mixamorigRightShoulder/mixamorigRightArm/mixamorigRightForeArm/mixamorigRightHand/mixamorigRightHandPinky1/mixamorigRightHandPinky2/mixamorigRightHandPinky3" index="0"]
transform = Transform( 1, 8.50663e-09, 3.72432e-09, -8.50663e-09, 1, -1.97824e-08, -3.72432e-09, 1.97824e-08, 1, 0.00164957, 1.57698, 2.08425e-05 )

[node name="mixamorigLeftUpLeg" parent="Armature/mixamorigHips" index="1"]
transform = Transform( -0.909695, 0.284791, 0.302228, -0.272982, -0.958554, 0.0815799, 0.312944, -0.00829028, 0.949709, 9.6987, -5.86792, 0.0415252 )

[node name="mixamorigLeftLeg" parent="Armature/mixamorigHips/mixamorigLeftUpLeg" index="0"]
transform = Transform( 0.963395, -0.203444, -0.174586, 0.267722, 0.696198, 0.666058, -0.0139594, -0.688417, 0.725181, -8.19757e-07, 44.5799, 8.86511e-07 )

[node name="mixamorigLeftFoot" parent="Armature/mixamorigHips/mixamorigLeftUpLeg/mixamorigLeftLeg" index="0"]
transform = Transform( 0.859288, -0.20447, -0.468845, -0.390824, 0.328861, -0.859713, 0.32997, 0.921978, 0.202675, -1.67923e-06, 47.9558, -3.73888e-08 )

[node name="mixamorigLeftToeBase" parent="Armature/mixamorigHips/mixamorigLeftUpLeg/mixamorigLeftLeg/mixamorigLeftFoot" index="0"]
transform = Transform( 0.99695, -0.053183, -0.0571097, 0.000702592, 0.737905, -0.674904, 0.078035, 0.672806, 0.735692, 1.31708e-06, 18.5652, 6.49036e-08 )

[node name="mixamorigLeftToe_End" parent="Armature/mixamorigHips/mixamorigLeftUpLeg/mixamorigLeftLeg/mixamorigLeftFoot/mixamorigLeftToeBase" index="0"]
transform = Transform( 1, 3.11267e-08, -2.58513e-07, -3.11267e-08, 1, -2.13671e-07, 2.58513e-07, 2.13671e-07, 1, 2.95112e-07, 6.65044, 7.56806e-07 )

[node name="mixamorigRightUpLeg" parent="Armature/mixamorigHips" index="2"]
transform = Transform( -0.992622, 0.00228609, 0.121284, 0.0210132, -0.981465, 0.190491, 0.119467, 0.191625, 0.974209, -9.6987, -5.8679, -0.904348 )

[node name="mixamorigRightLeg" parent="Armature/mixamorigHips/mixamorigRightUpLeg" index="0"]
transform = Transform( 0.977916, 0.168402, -0.123778, -0.0721521, 0.827861, 0.556273, 0.196148, -0.535057, 0.821729, -1.23624e-06, 44.4772, 7.36611e-07 )

[node name="mixamorigRightFoot" parent="Armature/mixamorigHips/mixamorigRightUpLeg/mixamorigRightLeg" index="0"]
transform = Transform( 0.966081, -0.249039, 0.0683217, 0.172645, 0.426101, -0.888049, 0.192047, 0.869723, 0.454643, -2.092e-06, 47.9871, -3.81265e-07 )

[node name="mixamorigRightToeBase" parent="Armature/mixamorigHips/mixamorigRightUpLeg/mixamorigRightLeg/mixamorigRightFoot" index="0"]
transform = Transform( 0.99608, 0.0540595, 0.0700111, 0.00884379, 0.726671, -0.686929, -0.0880101, 0.684855, 0.723345, -3.80143e-07, 18.8936, -2.86395e-07 )

[node name="mixamorigRightToe_End" parent="Armature/mixamorigHips/mixamorigRightUpLeg/mixamorigRightLeg/mixamorigRightFoot/mixamorigRightToeBase" index="0"]
transform = Transform( 1, 5.18196e-08, -1.23831e-06, -5.18199e-08, 1, -2.48911e-07, 1.23831e-06, 2.48911e-07, 1, -1.95312e-06, 6.93593, -4.30859e-07 )

[node name="mixamorigHips 2" parent="Armature001" index="0"]
transform = Transform( 0.996958, -0.00183349, 0.0779142, -0.0760087, -0.243818, 0.966838, 0.0172242, -0.969819, -0.243216, -0.218051, -0.855341, -96.6679 )

[node name="mixamorigSpine 2" parent="Armature001/mixamorigHips 2" index="0"]
transform = Transform( 0.999976, -0.00646333, -0.00246032, 0.00564879, 0.968589, -0.248605, 0.00398985, 0.248585, 0.968602, -2.38419e-07, 10.5695, -1.04292 )

[node name="mixamorigSpine1 2" parent="Armature001/mixamorigHips 2/mixamorigSpine 2" index="0"]
transform = Transform( 0.999912, -0.0112231, -0.00702715, 0.0102881, 0.992562, -0.121304, 0.00833629, 0.121221, 0.99259, -3.91996e-18, 12.391, 2.38418e-07 )

[node name="mixamorigSpine2 2" parent="Armature001/mixamorigHips 2/mixamorigSpine 2/mixamorigSpine1 2" index="0"]
transform = Transform( 0.999913, -0.0111884, -0.00701411, 0.0102552, 0.992562, -0.121308, 0.00831918, 0.121225, 0.99259, 7.45037e-08, 14.1611, 1.43051e-06 )

[node name="mixamorigNeck 2" parent="Armature001/mixamorigHips 2/mixamorigSpine 2/mixamorigSpine1 2/mixamorigSpine2 2" index="0"]
transform = Transform( 0.999725, 0.00865455, -0.0217838, -0.00609005, 0.993329, 0.115152, 0.0226351, -0.114987, 0.993109, -2.83219e-12, 15.9313, 1.36267e-06 )

[node name="mixamorigHead 2" parent="Armature001/mixamorigHips 2/mixamorigSpine 2/mixamorigSpine1 2/mixamorigSpine2 2/mixamorigNeck 2" index="0"]
transform = Transform( 0.999531, 3.92916e-05, -0.030612, 0.00846009, 0.960697, 0.277469, 0.0294197, -0.277598, 0.960247, -2.98096e-08, 5.93646, 1.44503 )

[node name="mixamorigHeadTop_End 2" parent="Armature001/mixamorigHips 2/mixamorigSpine 2/mixamorigSpine1 2/mixamorigSpine2 2/mixamorigNeck 2/mixamorigHead 2" index="0"]
transform = Transform( 1, -3.46038e-18, -4.65661e-10, -1.41691e-17, 1, -3.78591e-08, 4.65661e-10, 3.78591e-08, 1, -5.96046e-08, 20.1808, 4.91234 )

[node name="mixamorigLeftShoulder 2" parent="Armature001/mixamorigHips 2/mixamorigSpine 2/mixamorigSpine1 2/mixamorigSpine2 2" index="1"]
transform = Transform( 0.126862, 0.917039, -0.378082, 0.0584451, -0.387409, -0.920053, -0.990197, 0.0946224, -0.102744, 6.50995, 14.3831, -0.209682 )

[node name="mixamorigLeftArm 2" parent="Armature001/mixamorigHips 2/mixamorigSpine 2/mixamorigSpine1 2/mixamorigSpine2 2/mixamorigLeftShoulder 2" index="0"]
transform = Transform( 0.977141, -0.210863, -0.0270571, 0.127603, 0.683529, -0.718683, 0.170038, 0.698802, 0.694811, 2.98023e-07, 13.4562, -1.20103e-05 )

[node name="mixamorigLeftForeArm 2" parent="Armature001/mixamorigHips 2/mixamorigSpine 2/mixamorigSpine1 2/mixamorigSpine2 2/mixamorigLeftShoulder 2/mixamorigLeftArm 2" index="0"]
transform = Transform( 0.122102, -0.989285, 0.0800423, 0.942752, 0.140818, 0.302307, -0.310339, 0.0385478, 0.949844, 6.65962e-07, 17.7772, -5.49424e-07 )

[node name="mixamorigLeftHand 2" parent="Armature001/mixamorigHips 2/mixamorigSpine 2/mixamorigSpine1 2/mixamorigSpine2 2/mixamorigLeftShoulder 2/mixamorigLeftArm 2/mixamorigLeftForeArm 2" index="0"]
transform = Transform( 0.892796, 0.15595, 0.422605, -0.0505466, 0.966918, -0.250029, -0.447617, 0.201864, 0.871143, 1.10936e-06, 29.8993, -3.28811e-06 )

[node name="mixamorigLeftHandThumb1 2" parent="Armature001/mixamorigHips 2/mixamorigSpine 2/mixamorigSpine1 2/mixamorigSpine2 2/mixamorigLeftShoulder 2/mixamorigLeftArm 2/mixamorigLeftForeArm 2/mixamorigLeftHand 2" index="0"]
transform = Transform( 0.885853, -0.37501, 0.273188, 0.442135, 0.86081, -0.252039, -0.140646, 0.344055, 0.928356, -2.622, 2.96903, 1.13149 )

[node name="mixamorigLeftHandThumb2 2" parent="Armature001/mixamorigHips 2/mixamorigSpine 2/mixamorigSpine1 2/mixamorigSpine2 2/mixamorigLeftShoulder 2/mixamorigLeftArm 2/mixamorigLeftForeArm 2/mixamorigLeftHand 2/mixamorigLeftHandThumb1 2" index="0"]
transform = Transform( 0.963375, 0.184161, -0.19492, -0.192469, 0.980999, -0.02441, 0.186721, 0.061032, 0.980516, -0.361476, 3.2757, 2.87104e-06 )

[node name="mixamorigLeftHandThumb3 2" parent="Armature001/mixamorigHips 2/mixamorigSpine 2/mixamorigSpine1 2/mixamorigSpine2 2/mixamorigLeftShoulder 2/mixamorigLeftArm 2/mixamorigLeftForeArm 2/mixamorigLeftHand 2/mixamorigLeftHandThumb1 2/mixamorigLeftHandThumb2 2" index="0"]
transform = Transform( 0.993273, -0.115754, -0.00323844, 0.115755, 0.993278, 5.19269e-05, 0.00321066, -0.000426443, 0.999995, 0.0478458, 2.9619, -2.30655e-05 )

[node name="mixamorigLeftHandThumb4 2" parent="Armature001/mixamorigHips 2/mixamorigSpine 2/mixamorigSpine1 2/mixamorigSpine2 2/mixamorigLeftShoulder 2/mixamorigLeftArm 2/mixamorigLeftForeArm 2/mixamorigLeftHand 2/mixamorigLeftHandThumb1 2/mixamorigLeftHandThumb2 2/mixamorigLeftHandThumb3 2" index="0"]
transform = Transform( 1, 1.76951e-08, -4.09782e-08, -1.76951e-08, 1, -2.48065e-16, 4.09782e-08, 9.7318e-16, 1, 0.313624, 2.35922, -3.09944e-06 )

[node name="mixamorigLeftHandIndex1 2" parent="Armature001/mixamorigHips 2/mixamorigSpine 2/mixamorigSpine1 2/mixamorigSpine2 2/mixamorigLeftShoulder 2/mixamorigLeftArm 2/mixamorigLeftForeArm 2/mixamorigLeftHand 2" index="1"]
transform = Transform( 0.980983, -0.110487, -0.159577, 0.0518044, 0.941386, -0.333329, 0.187052, 0.318723, 0.929208, -3.11489, 9.8261, 0.121378 )

[node name="mixamorigLeftHandIndex2 2" parent="Armature001/mixamorigHips 2/mixamorigSpine 2/mixamorigSpine1 2/mixamorigSpine2 2/mixamorigLeftShoulder 2/mixamorigLeftArm 2/mixamorigLeftForeArm 2/mixamorigLeftHand 2/mixamorigLeftHandIndex1 2" index="0"]
transform = Transform( 0.993977, 0.108873, -0.0125195, -0.105781, 0.923284, -0.369265, -0.0286438, 0.368365, 0.92924, 0.000674725, 2.50761, -9.47371e-06 )

[node name="mixamorigLeftHandIndex3 2" parent="Armature001/mixamorigHips 2/mixamorigSpine 2/mixamorigSpine1 2/mixamorigSpine2 2/mixamorigLeftShoulder 2/mixamorigLeftArm 2/mixamorigLeftForeArm 2/mixamorigLeftHand 2/mixamorigLeftHandIndex1 2/mixamorigLeftHandIndex2 2" index="0"]
transform = Transform( 1, -0.000559364, -7.78612e-07, 0.000559364, 1, 3.02696e-06, 7.76919e-07, -3.0274e-06, 1, -0.00101376, 2.39217, -1.32888e-05 )

[node name="mixamorigLeftHandIndex4 2" parent="Armature001/mixamorigHips 2/mixamorigSpine 2/mixamorigSpine1 2/mixamorigSpine2 2/mixamorigLeftShoulder 2/mixamorigLeftArm 2/mixamorigLeftForeArm 2/mixamorigLeftHand 2/mixamorigLeftHandIndex1 2/mixamorigLeftHandIndex2 2/mixamorigLeftHandIndex3 2" index="0"]
transform = Transform( 1, -2.04891e-08, -9.31323e-10, 2.04891e-08, 1, -2.79396e-09, 9.31323e-10, 2.79396e-09, 1, 0.000331879, 2.12987, 5.30482e-06 )

[node name="mixamorigLeftHandMiddle1 2" parent="Armature001/mixamorigHips 2/mixamorigSpine 2/mixamorigSpine1 2/mixamorigSpine2 2/mixamorigLeftShoulder 2/mixamorigLeftArm 2/mixamorigLeftForeArm 2/mixamorigLeftHand 2" index="2"]
transform = Transform( 0.968751, -0.0318131, -0.245986, -0.0691504, 0.917778, -0.391026, 0.2382, 0.395817, 0.886899, -0.979292, 9.825, -0.149692 )

[node name="mixamorigLeftHandMiddle2 2" parent="Armature001/mixamorigHips 2/mixamorigSpine 2/mixamorigSpine1 2/mixamorigSpine2 2/mixamorigLeftShoulder 2/mixamorigLeftArm 2/mixamorigLeftForeArm 2/mixamorigLeftHand 2/mixamorigLeftHandMiddle1 2" index="0"]
transform = Transform( 0.99234, 0.111554, 0.0530737, -0.0681892, 0.85287, -0.517652, -0.103011, 0.510068, 0.853944, 0.001441, 3.00287, -1.28354e-05 )

[node name="mixamorigLeftHandMiddle3 2" parent="Armature001/mixamorigHips 2/mixamorigSpine 2/mixamorigSpine1 2/mixamorigSpine2 2/mixamorigLeftShoulder 2/mixamorigLeftArm 2/mixamorigLeftForeArm 2/mixamorigLeftHand 2/mixamorigLeftHandMiddle1 2/mixamorigLeftHandMiddle2 2" index="0"]
transform = Transform( 0.999993, 0.00381001, 4.795e-05, -0.00381001, 0.999993, -2.69119e-06, -4.79599e-05, 2.50848e-06, 1, 0.00434446, 2.83673, -4.9863e-06 )

[node name="mixamorigLeftHandMiddle4 2" parent="Armature001/mixamorigHips 2/mixamorigSpine 2/mixamorigSpine1 2/mixamorigSpine2 2/mixamorigLeftShoulder 2/mixamorigLeftArm 2/mixamorigLeftForeArm 2/mixamorigLeftHand 2/mixamorigLeftHandMiddle1 2/mixamorigLeftHandMiddle2 2/mixamorigLeftHandMiddle3 2" index="0"]
transform = Transform( 1, 5.82075e-10, 1.22003e-07, -5.82074e-10, 1, -7.91624e-09, -1.22003e-07, 7.91624e-09, 1, -0.00579262, 2.52802, 1.67191e-05 )

[node name="mixamorigLeftHandRing1 2" parent="Armature001/mixamorigHips 2/mixamorigSpine 2/mixamorigSpine1 2/mixamorigSpine2 2/mixamorigLeftShoulder 2/mixamorigLeftArm 2/mixamorigLeftForeArm 2/mixamorigLeftHand 2" index="3"]
transform = Transform( 0.981537, -0.0813124, -0.17313, -0.0394742, 0.799545, -0.599307, 0.187157, 0.595076, 0.781573, 0.992839, 9.58118, -0.17323 )

[node name="mixamorigLeftHandRing2 2" parent="Armature001/mixamorigHips 2/mixamorigSpine 2/mixamorigSpine1 2/mixamorigSpine2 2/mixamorigLeftShoulder 2/mixamorigLeftArm 2/mixamorigLeftForeArm 2/mixamorigLeftHand 2/mixamorigLeftHandRing1 2" index="0"]
transform = Transform( 0.998692, 0.0299842, 0.0414212, 0.00283733, 0.776298, -0.630359, -0.051056, 0.629652, 0.775198, -0.00198185, 2.6701, -1.7241e-05 )

[node name="mixamorigLeftHandRing3 2" parent="Armature001/mixamorigHips 2/mixamorigSpine 2/mixamorigSpine1 2/mixamorigSpine2 2/mixamorigLeftShoulder 2/mixamorigLeftArm 2/mixamorigLeftForeArm 2/mixamorigLeftHand 2/mixamorigLeftHandRing1 2/mixamorigLeftHandRing2 2" index="0"]
transform = Transform( 0.999998, -0.00190423, 2.88218e-05, 0.00190423, 0.999998, -1.49077e-06, -2.88189e-05, 1.54566e-06, 1, -0.00115573, 2.47188, 5.26424e-06 )

[node name="mixamorigLeftHandRing4 2" parent="Armature001/mixamorigHips 2/mixamorigSpine 2/mixamorigSpine1 2/mixamorigSpine2 2/mixamorigLeftShoulder 2/mixamorigLeftArm 2/mixamorigLeftForeArm 2/mixamorigLeftHand 2/mixamorigLeftHandRing1 2/mixamorigLeftHandRing2 2/mixamorigLeftHandRing3 2" index="0"]
transform = Transform( 1, -4.98258e-08, 7.68341e-09, 4.98258e-08, 1, -2.10712e-08, -7.68341e-09, 2.10712e-08, 1, 0.00314403, 2.18526, -1.90735e-05 )

[node name="mixamorigLeftHandPinky1 2" parent="Armature001/mixamorigHips 2/mixamorigSpine 2/mixamorigSpine1 2/mixamorigSpine2 2/mixamorigLeftShoulder 2/mixamorigLeftArm 2/mixamorigLeftForeArm 2/mixamorigLeftHand 2" index="4"]
transform = Transform( 0.976851, -0.0950907, -0.191623, -0.0502435, 0.768726, -0.637601, 0.207936, 0.632469, 0.746153, 3.10134, 9.13015, 0.18941 )

[node name="mixamorigLeftHandPinky2 2" parent="Armature001/mixamorigHips 2/mixamorigSpine 2/mixamorigSpine1 2/mixamorigSpine2 2/mixamorigLeftShoulder 2/mixamorigLeftArm 2/mixamorigLeftForeArm 2/mixamorigLeftHand 2/mixamorigLeftHandPinky1 2" index="0"]
transform = Transform( 0.990441, -0.0265193, 0.135362, 0.115142, 0.699305, -0.705489, -0.07595, 0.714331, 0.695674, 0.00270611, 2.00136, 6.63195e-06 )

[node name="mixamorigLeftHandPinky3 2" parent="Armature001/mixamorigHips 2/mixamorigSpine 2/mixamorigSpine1 2/mixamorigSpine2 2/mixamorigLeftShoulder 2/mixamorigLeftArm 2/mixamorigLeftForeArm 2/mixamorigLeftHand 2/mixamorigLeftHandPinky1 2/mixamorigLeftHandPinky2 2" index="0"]
transform = Transform( 0.999986, 0.00536176, 0.000168636, -0.00536176, 0.999985, 4.94273e-07, -0.000168631, -1.39845e-06, 1, 0.00268143, 1.63095, -5.46789e-06 )

[node name="mixamorigLeftHandPinky4 2" parent="Armature001/mixamorigHips 2/mixamorigSpine 2/mixamorigSpine1 2/mixamorigSpine2 2/mixamorigLeftShoulder 2/mixamorigLeftArm 2/mixamorigLeftForeArm 2/mixamorigLeftHand 2/mixamorigLeftHandPinky1 2/mixamorigLeftHandPinky2 2/mixamorigLeftHandPinky3 2" index="0"]
transform = Transform( 1, 6.0536e-09, 2.14204e-07, -6.0536e-09, 1, -2.04891e-08, -2.14204e-07, 2.04891e-08, 1, -0.00538278, 1.45678, -3.5502e-06 )

[node name="mixamorigRightShoulder 2" parent="Armature001/mixamorigHips 2/mixamorigSpine 2/mixamorigSpine1 2/mixamorigSpine2 2" index="2"]
transform = Transform( -0.0893013, -0.832103, 0.547384, -0.162252, -0.530085, -0.832276, 0.9827, -0.163138, -0.0876732, -6.50995, 14.372, -0.0969477 )

[node name="mixamorigRightArm 2" parent="Armature001/mixamorigHips 2/mixamorigSpine 2/mixamorigSpine1 2/mixamorigSpine2 2/mixamorigRightShoulder 2" index="0"]
transform = Transform( 0.933169, 0.356494, 0.0459141, -0.237072, 0.706456, -0.666871, -0.270172, 0.611418, 0.743757, 1.70606e-06, 13.4562, 5.33571e-06 )

[node name="mixamorigRightForeArm 2" parent="Armature001/mixamorigHips 2/mixamorigSpine 2/mixamorigSpine1 2/mixamorigSpine2 2/mixamorigRightShoulder 2/mixamorigRightArm 2" index="0"]
transform = Transform( 0.08408, 0.97697, -0.196114, -0.952151, 0.136806, 0.273301, 0.293837, 0.16375, 0.941725, 1.38485e-06, 17.7774, -7.52086e-06 )

[node name="mixamorigRightHand 2" parent="Armature001/mixamorigHips 2/mixamorigSpine 2/mixamorigSpine1 2/mixamorigSpine2 2/mixamorigRightShoulder 2/mixamorigRightArm 2/mixamorigRightForeArm 2" index="0"]
transform = Transform( 0.962298, -0.148926, -0.227604, 0.134526, 0.987866, -0.0776106, 0.2364, 0.0440659, 0.970656, -1.3222e-05, 29.9619, 7.2926e-06 )

[node name="mixamorigRightHandThumb1 2" parent="Armature001/mixamorigHips 2/mixamorigSpine 2/mixamorigSpine1 2/mixamorigSpine2 2/mixamorigRightShoulder 2/mixamorigRightArm 2/mixamorigRightForeArm 2/mixamorigRightHand 2" index="0"]
transform = Transform( 0.882008, 0.380163, -0.278456, -0.449551, 0.855991, -0.255309, 0.141297, 0.350365, 0.925894, 2.62554, 3.00246, 1.12599 )

[node name="mixamorigRightHandThumb2 2" parent="Armature001/mixamorigHips 2/mixamorigSpine 2/mixamorigSpine1 2/mixamorigSpine2 2/mixamorigRightShoulder 2/mixamorigRightArm 2/mixamorigRightForeArm 2/mixamorigRightHand 2/mixamorigRightHandThumb1 2" index="0"]
transform = Transform( 0.960197, -0.201881, 0.193042, 0.209441, 0.977629, -0.0193716, -0.184813, 0.0590314, 0.980999, 0.317739, 3.30027, 4.32004e-07 )

[node name="mixamorigRightHandThumb3 2" parent="Armature001/mixamorigHips 2/mixamorigSpine 2/mixamorigSpine1 2/mixamorigSpine2 2/mixamorigRightShoulder 2/mixamorigRightArm 2/mixamorigRightForeArm 2/mixamorigRightHand 2/mixamorigRightHandThumb1 2/mixamorigRightHandThumb2 2" index="0"]
transform = Transform( 0.994406, 0.105617, 0.00152453, -0.105617, 0.994407, 1.95133e-05, -0.00151394, -0.000180421, 0.999999, -0.0369611, 2.95359, -4.41074e-06 )

[node name="mixamorigRightHandThumb4 2" parent="Armature001/mixamorigHips 2/mixamorigSpine 2/mixamorigSpine1 2/mixamorigSpine2 2/mixamorigRightShoulder 2/mixamorigRightArm 2/mixamorigRightForeArm 2/mixamorigRightHand 2/mixamorigRightHandThumb1 2/mixamorigRightHandThumb2 2/mixamorigRightHandThumb3 2" index="0"]
transform = Transform( 1, 6.14673e-08, -5.58793e-08, -6.14673e-08, 1, 6.70552e-08, 5.58794e-08, -6.70552e-08, 1, -0.280778, 2.36172, 9.65595e-06 )

[node name="mixamorigRightHandIndex1 2" parent="Armature001/mixamorigHips 2/mixamorigSpine 2/mixamorigSpine1 2/mixamorigSpine2 2/mixamorigRightShoulder 2/mixamorigRightArm 2/mixamorigRightForeArm 2/mixamorigRightHand 2" index="1"]
transform = Transform( 0.981922, 0.101764, 0.159605, -0.0437956, 0.94245, -0.331465, -0.184151, 0.318483, 0.929869, 3.06779, 9.75203, 0.178042 )

[node name="mixamorigRightHandIndex2 2" parent="Armature001/mixamorigHips 2/mixamorigSpine 2/mixamorigSpine1 2/mixamorigSpine2 2/mixamorigRightShoulder 2/mixamorigRightArm 2/mixamorigRightForeArm 2/mixamorigRightHand 2/mixamorigRightHandIndex1 2" index="0"]
transform = Transform( 0.993605, -0.112212, 0.0125381, 0.108934, 0.923471, -0.367879, 0.0297018, 0.366892, 0.929789, 0.00477743, 2.49471, -9.40255e-06 )

