[gd_scene load_steps=2 format=2]

[ext_resource path="res://Assets/Modelos/Animaciones/Boss/perreo.gltf" type="PackedScene" id=1]

[node name="perreo" instance=ExtResource( 1 )]

[node name="mixamorigHips" parent="Armature001" index="0"]
transform = Transform( 0.996961, -0.00183184, 0.0778811, -0.0759776, -0.243735, 0.966861, 0.0172112, -0.96984, -0.243133, -0.219148, -0.85602, -96.6711 )

[node name="mixamorigSpine" parent="Armature001/mixamorigHips" index="0"]
transform = Transform( 0.999976, -0.00653705, -0.00244199, 0.00572477, 0.968589, -0.248602, 0.00399041, 0.248582, 0.968603, 2.38419e-07, 10.5695, -1.04292 )

[node name="mixamorigSpine1" parent="Armature001/mixamorigHips/mixamorigSpine" index="0"]
transform = Transform( 0.999912, -0.0112405, -0.00701938, 0.0103064, 0.992563, -0.121295, 0.00833059, 0.121212, 0.992592, 0, 12.391, 2.38419e-07 )

[node name="mixamorigSpine2" parent="Armature001/mixamorigHips/mixamorigSpine/mixamorigSpine1" index="0"]
transform = Transform( 0.999913, -0.0112058, -0.00700635, 0.0102735, 0.992563, -0.121299, 0.00831349, 0.121216, 0.992591, -3.7255e-08, 14.1611, -4.76836e-07 )

[node name="mixamorigNeck" parent="Armature001/mixamorigHips/mixamorigSpine/mixamorigSpine1/mixamorigSpine2" index="0"]
transform = Transform( 0.999725, 0.00865477, -0.0217839, -0.0060902, 0.993329, 0.115154, 0.0226352, -0.11499, 0.993109, -2.83221e-12, 15.9313, 6.65728e-06 )

[node name="mixamorigHead" parent="Armature001/mixamorigHips/mixamorigSpine/mixamorigSpine1/mixamorigSpine2/mixamorigNeck" index="0"]
transform = Transform( 0.999531, 3.90969e-05, -0.0306119, 0.00846018, 0.960698, 0.277466, 0.0294197, -0.277595, 0.960248, 5.95974e-08, 5.93643, 1.44503 )

[node name="mixamorigHeadTop_End" parent="Armature001/mixamorigHips/mixamorigSpine/mixamorigSpine1/mixamorigSpine2/mixamorigNeck/mixamorigHead" index="0"]
transform = Transform( 1, 2.91038e-11, 2.32831e-10, -2.91038e-11, 1, -2.29579e-08, -2.32831e-10, 2.29579e-08, 1, 1.6263e-18, 20.1808, 4.91234 )

[node name="mixamorigLeftShoulder" parent="Armature001/mixamorigHips/mixamorigSpine/mixamorigSpine1/mixamorigSpine2" index="1"]
transform = Transform( 0.126861, 0.917039, -0.378081, 0.0584451, -0.387409, -0.920053, -0.990197, 0.0946221, -0.102744, 6.50995, 14.3831, -0.209678 )

[node name="mixamorigLeftArm" parent="Armature001/mixamorigHips/mixamorigSpine/mixamorigSpine1/mixamorigSpine2/mixamorigLeftShoulder" index="0"]
transform = Transform( 0.977141, -0.210863, -0.0270568, 0.127603, 0.683529, -0.718683, 0.170038, 0.698803, 0.694811, 7.86826e-06, 13.4562, -1.21211e-05 )

[node name="mixamorigLeftForeArm" parent="Armature001/mixamorigHips/mixamorigSpine/mixamorigSpine1/mixamorigSpine2/mixamorigLeftShoulder/mixamorigLeftArm" index="0"]
transform = Transform( 0.122102, -0.989285, 0.0800425, 0.942751, 0.140818, 0.302307, -0.310339, 0.0385481, 0.949844, -7.4254e-07, 17.7772, -9.62965e-06 )

[node name="mixamorigLeftHand" parent="Armature001/mixamorigHips/mixamorigSpine/mixamorigSpine1/mixamorigSpine2/mixamorigLeftShoulder/mixamorigLeftArm/mixamorigLeftForeArm" index="0"]
transform = Transform( 0.892796, 0.15595, 0.422605, -0.0505466, 0.966918, -0.250029, -0.447617, 0.201864, 0.871143, 2.6226e-06, 29.8993, 4.60818e-06 )

[node name="mixamorigLeftHandThumb1" parent="Armature001/mixamorigHips/mixamorigSpine/mixamorigSpine1/mixamorigSpine2/mixamorigLeftShoulder/mixamorigLeftArm/mixamorigLeftForeArm/mixamorigLeftHand" index="0"]
transform = Transform( 0.885853, -0.37501, 0.273188, 0.442135, 0.86081, -0.252039, -0.140645, 0.344055, 0.928356, -2.62199, 2.96903, 1.13149 )

[node name="mixamorigLeftHandThumb2" parent="Armature001/mixamorigHips/mixamorigSpine/mixamorigSpine1/mixamorigSpine2/mixamorigLeftShoulder/mixamorigLeftArm/mixamorigLeftForeArm/mixamorigLeftHand/mixamorigLeftHandThumb1" index="0"]
transform = Transform( 0.963374, 0.184164, -0.19492, -0.192473, 0.980999, -0.0244104, 0.186721, 0.0610332, 0.980515, -0.361478, 3.27571, 1.10446e-05 )

[node name="mixamorigLeftHandThumb3" parent="Armature001/mixamorigHips/mixamorigSpine/mixamorigSpine1/mixamorigSpine2/mixamorigLeftShoulder/mixamorigLeftArm/mixamorigLeftForeArm/mixamorigLeftHand/mixamorigLeftHandThumb1/mixamorigLeftHandThumb2" index="0"]
transform = Transform( 0.993272, -0.115754, -0.00323843, 0.115755, 0.993278, 5.18973e-05, 0.00321066, -0.000426412, 0.999995, 0.047842, 2.96191, -3.10204e-05 )

[node name="mixamorigLeftHandThumb4" parent="Armature001/mixamorigHips/mixamorigSpine/mixamorigSpine1/mixamorigSpine2/mixamorigLeftShoulder/mixamorigLeftArm/mixamorigLeftForeArm/mixamorigLeftHand/mixamorigLeftHandThumb1/mixamorigLeftHandThumb2/mixamorigLeftHandThumb3" index="0"]
transform = Transform( 1, -1.95578e-08, -5.58794e-08, 1.95578e-08, 1, 1.49012e-08, 5.58794e-08, -1.49012e-08, 1, 0.31364, 2.35923, -3.09944e-06 )

[node name="mixamorigLeftHandIndex1" parent="Armature001/mixamorigHips/mixamorigSpine/mixamorigSpine1/mixamorigSpine2/mixamorigLeftShoulder/mixamorigLeftArm/mixamorigLeftForeArm/mixamorigLeftHand" index="1"]
transform = Transform( 0.980984, -0.110478, -0.159577, 0.0517968, 0.941388, -0.333325, 0.187049, 0.318721, 0.929209, -3.11488, 9.82609, 0.121386 )

[node name="mixamorigLeftHandIndex2" parent="Armature001/mixamorigHips/mixamorigSpine/mixamorigSpine1/mixamorigSpine2/mixamorigLeftShoulder/mixamorigLeftArm/mixamorigLeftForeArm/mixamorigLeftHand/mixamorigLeftHandIndex1" index="0"]
transform = Transform( 0.994002, 0.108644, -0.0125312, -0.105573, 0.923306, -0.36927, -0.0285489, 0.368378, 0.929238, 0.000674725, 2.50763, -9.90717e-06 )

[node name="mixamorigLeftHandIndex3" parent="Armature001/mixamorigHips/mixamorigSpine/mixamorigSpine1/mixamorigSpine2/mixamorigLeftShoulder/mixamorigLeftArm/mixamorigLeftForeArm/mixamorigLeftHand/mixamorigLeftHandIndex1/mixamorigLeftHandIndex2" index="0"]
transform = Transform( 1, -0.000559427, -8.08648e-07, 0.000559427, 1, 3.02789e-06, 8.06954e-07, -3.02834e-06, 1, -0.00100231, 2.39217, -2.08618e-05 )

[node name="mixamorigLeftHandIndex4" parent="Armature001/mixamorigHips/mixamorigSpine/mixamorigSpine1/mixamorigSpine2/mixamorigLeftShoulder/mixamorigLeftArm/mixamorigLeftForeArm/mixamorigLeftHand/mixamorigLeftHandIndex1/mixamorigLeftHandIndex2/mixamorigLeftHandIndex3" index="0"]
transform = Transform( 1, -1.49012e-08, -8.3819e-09, 1.49012e-08, 1, 1.21072e-08, 8.3819e-09, -1.21072e-08, 1, 0.000335693, 2.12988, 5.30482e-06 )

[node name="mixamorigLeftHandMiddle1" parent="Armature001/mixamorigHips/mixamorigSpine/mixamorigSpine1/mixamorigSpine2/mixamorigLeftShoulder/mixamorigLeftArm/mixamorigLeftForeArm/mixamorigLeftHand" index="2"]
transform = Transform( 0.968751, -0.0318125, -0.245987, -0.0691514, 0.917778, -0.391027, 0.238201, 0.395818, 0.886898, -0.979294, 9.82501, -0.149692 )

[node name="mixamorigLeftHandMiddle2" parent="Armature001/mixamorigHips/mixamorigSpine/mixamorigSpine1/mixamorigSpine2/mixamorigLeftShoulder/mixamorigLeftArm/mixamorigLeftForeArm/mixamorigLeftHand/mixamorigLeftHandMiddle1" index="0"]
transform = Transform( 0.99234, 0.111549, 0.0530744, -0.0681875, 0.852882, -0.517632, -0.103008, 0.510048, 0.853956, 0.00144863, 3.00288, -2.04605e-05 )

[node name="mixamorigLeftHandMiddle3" parent="Armature001/mixamorigHips/mixamorigSpine/mixamorigSpine1/mixamorigSpine2/mixamorigLeftShoulder/mixamorigLeftArm/mixamorigLeftForeArm/mixamorigLeftHand/mixamorigLeftHandMiddle1/mixamorigLeftHandMiddle2" index="0"]
transform = Transform( 0.999993, 0.00381003, 4.79486e-05, -0.00381003, 0.999993, -2.69118e-06, -4.79585e-05, 2.50848e-06, 1, 0.00434446, 2.83673, -4.9863e-06 )

[node name="mixamorigLeftHandMiddle4" parent="Armature001/mixamorigHips/mixamorigSpine/mixamorigSpine1/mixamorigSpine2/mixamorigLeftShoulder/mixamorigLeftArm/mixamorigLeftForeArm/mixamorigLeftHand/mixamorigLeftHandMiddle1/mixamorigLeftHandMiddle2/mixamorigLeftHandMiddle3" index="0"]
transform = Transform( 1, 2.10712e-08, 1.14553e-07, -2.10712e-08, 1, -4.19095e-09, -1.14553e-07, 4.19095e-09, 1, -0.00579262, 2.52801, 1.67191e-05 )

[node name="mixamorigLeftHandRing1" parent="Armature001/mixamorigHips/mixamorigSpine/mixamorigSpine1/mixamorigSpine2/mixamorigLeftShoulder/mixamorigLeftArm/mixamorigLeftForeArm/mixamorigLeftHand" index="3"]
transform = Transform( 0.981537, -0.0813085, -0.173131, -0.0394778, 0.799545, -0.599307, 0.187155, 0.595077, 0.781573, 0.992838, 9.58118, -0.173222 )

[node name="mixamorigLeftHandRing2" parent="Armature001/mixamorigHips/mixamorigSpine/mixamorigSpine1/mixamorigSpine2/mixamorigLeftShoulder/mixamorigLeftArm/mixamorigLeftForeArm/mixamorigLeftHand/mixamorigLeftHandRing1" index="0"]
transform = Transform( 0.998692, 0.029979, 0.0414221, 0.00284075, 0.776312, -0.630342, -0.0510536, 0.629635, 0.775211, -0.00198185, 2.67011, -9.54105e-06 )

[node name="mixamorigLeftHandRing3" parent="Armature001/mixamorigHips/mixamorigSpine/mixamorigSpine1/mixamorigSpine2/mixamorigLeftShoulder/mixamorigLeftArm/mixamorigLeftForeArm/mixamorigLeftHand/mixamorigLeftHandRing1/mixamorigLeftHandRing2" index="0"]
transform = Transform( 0.999998, -0.00190425, 2.88473e-05, 0.00190425, 0.999998, -1.48702e-06, -2.88445e-05, 1.54195e-06, 1, -0.00116336, 2.47187, 7.65222e-06 )

[node name="mixamorigLeftHandRing4" parent="Armature001/mixamorigHips/mixamorigSpine/mixamorigSpine1/mixamorigSpine2/mixamorigLeftShoulder/mixamorigLeftArm/mixamorigLeftForeArm/mixamorigLeftHand/mixamorigLeftHandRing1/mixamorigLeftHandRing2/mixamorigLeftHandRing3" index="0"]
transform = Transform( 1, 2.468e-08, 2.32831e-10, -2.468e-08, 1, -2.85218e-08, -2.32831e-10, 2.85218e-08, 1, 0.00314021, 2.18526, -2.43187e-05 )

[node name="mixamorigLeftHandPinky1" parent="Armature001/mixamorigHips/mixamorigSpine/mixamorigSpine1/mixamorigSpine2/mixamorigLeftShoulder/mixamorigLeftArm/mixamorigLeftForeArm/mixamorigLeftHand" index="4"]
transform = Transform( 0.976851, -0.095093, -0.191623, -0.0502415, 0.768727, -0.6376, 0.207937, 0.632467, 0.746154, 3.10134, 9.13015, 0.18941 )

[node name="mixamorigLeftHandPinky2" parent="Armature001/mixamorigHips/mixamorigSpine/mixamorigSpine1/mixamorigSpine2/mixamorigLeftShoulder/mixamorigLeftArm/mixamorigLeftForeArm/mixamorigLeftHand/mixamorigLeftHandPinky1" index="0"]
transform = Transform( 0.990441, -0.0265212, 0.135362, 0.115143, 0.699308, -0.705485, -0.0759491, 0.714328, 0.695678, 0.00270993, 2.00134, 6.46261e-06 )

[node name="mixamorigLeftHandPinky3" parent="Armature001/mixamorigHips/mixamorigSpine/mixamorigSpine1/mixamorigSpine2/mixamorigLeftShoulder/mixamorigLeftArm/mixamorigLeftForeArm/mixamorigLeftHand/mixamorigLeftHandPinky1/mixamorigLeftHandPinky2" index="0"]
transform = Transform( 0.999986, 0.00536174, 0.000168649, -0.00536174, 0.999985, 5.24042e-07, -0.000168644, -1.42829e-06, 1, 0.00268906, 1.63095, -8.59588e-06 )

[node name="mixamorigLeftHandPinky4" parent="Armature001/mixamorigHips/mixamorigSpine/mixamorigSpine1/mixamorigSpine2/mixamorigLeftShoulder/mixamorigLeftArm/mixamorigLeftForeArm/mixamorigLeftHand/mixamorigLeftHandPinky1/mixamorigLeftHandPinky2/mixamorigLeftHandPinky3" index="0"]
transform = Transform( 1, -2.93367e-08, 2.32831e-07, 2.93367e-08, 1, 9.31323e-09, -2.32831e-07, -9.31322e-09, 1, -0.00537515, 1.45677, -4.50388e-06 )

[node name="mixamorigRightShoulder" parent="Armature001/mixamorigHips/mixamorigSpine/mixamorigSpine1/mixamorigSpine2" index="2"]
transform = Transform( -0.0893012, -0.832103, 0.547385, -0.162252, -0.530086, -0.832276, 0.9827, -0.163138, -0.0876732, -6.50995, 14.372, -0.0969477 )

[node name="mixamorigRightArm" parent="Armature001/mixamorigHips/mixamorigSpine/mixamorigSpine1/mixamorigSpine2/mixamorigRightShoulder" index="0"]
transform = Transform( 0.933169, 0.356494, 0.0459138, -0.237072, 0.706455, -0.666871, -0.270172, 0.611419, 0.743757, -2.10803e-06, 13.4562, 5.33571e-06 )

[node name="mixamorigRightForeArm" parent="Armature001/mixamorigHips/mixamorigSpine/mixamorigSpine1/mixamorigSpine2/mixamorigRightShoulder/mixamorigRightArm" index="0"]
transform = Transform( 0.0840794, 0.97697, -0.196113, -0.952151, 0.136805, 0.273302, 0.293837, 0.16375, 0.941725, 1.62445e-06, 17.7774, -9.12729e-06 )

[node name="mixamorigRightHand" parent="Armature001/mixamorigHips/mixamorigSpine/mixamorigSpine1/mixamorigSpine2/mixamorigRightShoulder/mixamorigRightArm/mixamorigRightForeArm" index="0"]
transform = Transform( 0.962298, -0.148926, -0.227603, 0.134526, 0.987866, -0.0776108, 0.2364, 0.0440661, 0.970656, 1.32634e-06, 29.9619, 8.6874e-06 )

[node name="mixamorigRightHandThumb1" parent="Armature001/mixamorigHips/mixamorigSpine/mixamorigSpine1/mixamorigSpine2/mixamorigRightShoulder/mixamorigRightArm/mixamorigRightForeArm/mixamorigRightHand" index="0"]
transform = Transform( 0.881893, 0.379886, -0.279199, -0.449667, 0.855715, -0.256032, 0.141651, 0.351339, 0.925471, 2.62556, 3.00246, 1.12598 )

[node name="mixamorigRightHandThumb2" parent="Armature001/mixamorigHips/mixamorigSpine/mixamorigSpine1/mixamorigSpine2/mixamorigRightShoulder/mixamorigRightArm/mixamorigRightForeArm/mixamorigRightHand/mixamorigRightHandThumb1" index="0"]
transform = Transform( 0.960423, -0.20158, 0.192234, 0.20868, 0.977832, -0.0172135, -0.184503, 0.0566475, 0.981198, 0.317735, 3.30028, 8.66483e-07 )

[node name="mixamorigRightHandThumb3" parent="Armature001/mixamorigHips/mixamorigSpine/mixamorigSpine1/mixamorigSpine2/mixamorigRightShoulder/mixamorigRightArm/mixamorigRightForeArm/mixamorigRightHand/mixamorigRightHandThumb1/mixamorigRightHandThumb2" index="0"]
transform = Transform( 0.994406, 0.105617, 0.00152449, -0.105617, 0.994407, 1.94816e-05, -0.00151391, -0.000180386, 0.999999, -0.0369534, 2.95359, 3.30529e-06 )

[node name="mixamorigRightHandThumb4" parent="Armature001/mixamorigHips/mixamorigSpine/mixamorigSpine1/mixamorigSpine2/mixamorigRightShoulder/mixamorigRightArm/mixamorigRightForeArm/mixamorigRightHand/mixamorigRightHandThumb1/mixamorigRightHandThumb2/mixamorigRightHandThumb3" index="0"]
transform = Transform( 1, 5.02914e-08, 1.86264e-08, -5.02914e-08, 1, 7.45058e-09, -1.86264e-08, -7.45058e-09, 1, -0.280786, 2.36171, -5.60284e-06 )

[node name="mixamorigRightHandIndex1" parent="Armature001/mixamorigHips/mixamorigSpine/mixamorigSpine1/mixamorigSpine2/mixamorigRightShoulder/mixamorigRightArm/mixamorigRightForeArm/mixamorigRightHand" index="1"]
transform = Transform( 0.981896, 0.101814, 0.159731, -0.044162, 0.943069, -0.329651, -0.184201, 0.316629, 0.930492, 3.0678, 9.75203, 0.178027 )

[node name="mixamorigRightHandIndex2" parent="Armature001/mixamorigHips/mixamorigSpine/mixamorigSpine1/mixamorigSpine2/mixamorigRightShoulder/mixamorigRightArm/mixamorigRightForeArm/mixamorigRightHand/mixamorigRightHandIndex1" index="0"]
transform = Transform( 0.993636, -0.111961, 0.012375, 0.108684, 0.924047, -0.366505, 0.0295991, 0.365517, 0.930334, 0.00477743, 2.49471, -1.72836e-06 )

[node name="mixamorigRightHandIndex3" parent="Armature001/mixamorigHips/mixamorigSpine/mixamorigSpine1/mixamorigSpine2/mixamorigRightShoulder/mixamorigRightArm/mixamorigRightForeArm/mixamorigRightHand/mixamorigRightHandIndex1/mixamorigRightHandIndex2" index="0"]
transform = Transform( 0.999989, 0.00461373, -0.000272024, -0.00461373, 0.999989, 3.07841e-06, 0.000272035, -1.82333e-06, 1, 0.00235605, 2.46476, -1.51643e-05 )

[node name="mixamorigRightHandIndex4" parent="Armature001/mixamorigHips/mixamorigSpine/mixamorigSpine1/mixamorigSpine2/mixamorigRightShoulder/mixamorigRightArm/mixamorigRightForeArm/mixamorigRightHand/mixamorigRightHandIndex1/mixamorigRightHandIndex2/mixamorigRightHandIndex3" index="0"]
transform = Transform( 1, -1.02445e-08, -1.76951e-08, 1.02445e-08, 1, -1.44355e-08, 1.76951e-08, 1.44355e-08, 1, -0.00714207, 1.95056, -1.04308e-06 )

[node name="mixamorigRightHandMiddle1" parent="Armature001/mixamorigHips/mixamorigSpine/mixamorigSpine1/mixamorigSpine2/mixamorigRightShoulder/mixamorigRightArm/mixamorigRightForeArm/mixamorigRightHand" index="2"]
transform = Transform( 0.968696, 0.0246389, 0.247026, 0.0820465, 0.907372, -0.412244, -0.234301, 0.419607, 0.876946, 0.952111, 9.73203, -0.157325 )

[node name="mixamorigRightHandMiddle2" parent="Armature001/mixamorigHips/mixamorigSpine/mixamorigSpine1/mixamorigSpine2/mixamorigRightShoulder/mixamorigRightArm/mixamorigRightForeArm/mixamorigRightHand/mixamorigRightHandMiddle1" index="0"]
transform = Transform( 0.991546, -0.119083, -0.0515432, 0.0757499, 0.853724, -0.515186, 0.105354, 0.506926, 0.855527, 0.000862122, 2.98896, 9.8688e-06 )

[node name="mixamorigRightHandMiddle3" parent="Armature001/mixamorigHips/mixamorigSpine/mixamorigSpine1/mixamorigSpine2/mixamorigRightShoulder/mixamorigRightArm/mixamorigRightForeArm/mixamorigRightHand/mixamorigRightHandMiddle1/mixamorigRightHandMiddle2" index="0"]
transform = Transform( 1, -9.44526e-05, 1.79087e-07, 9.44526e-05, 1, -2.45595e-06, -1.78855e-07, 2.45597e-06, 1, -0.000598431, 2.8602, 1.11163e-05 )

[node name="mixamorigRightHandMiddle4" parent="Armature001/mixamorigHips/mixamorigSpine/mixamorigSpine1/mixamorigSpine2/mixamorigRightShoulder/mixamorigRightArm/mixamorigRightForeArm/mixamorigRightHand/mixamorigRightHandMiddle1/mixamorigRightHandMiddle2/mixamorigRightHandMiddle3" index="0"]
transform = Transform( 1, 1.60653e-08, 2.09548e-09, -1.60653e-08, 1, 1.62981e-08, -2.09548e-09, -1.62981e-08, 1, -0.000262737, 2.59537, 8.55327e-06 )

[node name="mixamorigRightHandRing1" parent="Armature001/mixamorigHips/mixamorigSpine/mixamorigSpine1/mixamorigSpine2/mixamorigRightShoulder/mixamorigRightArm/mixamorigRightForeArm/mixamorigRightHand" index="3"]
transform = Transform( 0.982376, 0.070683, 0.173037, 0.0470645, 0.802379, -0.594956, -0.180895, 0.592614, 0.784911, -1.0393, 9.87612, -0.0494204 )

[node name="mixamorigRightHandRing2" parent="Armature001/mixamorigHips/mixamorigSpine/mixamorigSpine1/mixamorigSpine2/mixamorigRightShoulder/mixamorigRightArm/mixamorigRightForeArm/mixamorigRightHand/mixamorigRightHandRing1" index="0"]
transform = Transform( 0.998617, -0.0352071, -0.0390454, 0.00283826, 0.777686, -0.628646, 0.0524978, 0.627666, 0.776711, 0.00151688, 2.53491, 1.08598e-05 )

[node name="mixamorigRightHandRing3" parent="Armature001/mixamorigHips/mixamorigSpine/mixamorigSpine1/mixamorigSpine2/mixamorigRightShoulder/mixamorigRightArm/mixamorigRightForeArm/mixamorigRightHand/mixamorigRightHandRing1/mixamorigRightHandRing2" index="0"]
transform = Transform( 1, -0.000805532, 1.08652e-05, 0.000805532, 1, -2.44876e-06, -1.08632e-05, 2.45751e-06, 1, -0.00169307, 2.40727, 1.36497e-05 )

[node name="mixamorigRightHandRing4" parent="Armature001/mixamorigHips/mixamorigSpine/mixamorigSpine1/mixamorigSpine2/mixamorigRightShoulder/mixamorigRightArm/mixamorigRightForeArm/mixamorigRightHand/mixamorigRightHandRing1/mixamorigRightHandRing2/mixamorigRightHandRing3" index="0"]
transform = Transform( 1, 1.35042e-08, 1.16415e-10, -1.35042e-08, 1, -1.45505e-11, -1.16415e-10, 1.45505e-11, 1, 0.000168741, 2.01451, -1.03042e-05 )

[node name="mixamorigRightHandPinky1" parent="Armature001/mixamorigHips/mixamorigSpine/mixamorigSpine1/mixamorigSpine2/mixamorigRightShoulder/mixamorigRightArm/mixamorigRightForeArm/mixamorigRightHand" index="4"]
transform = Transform( 0.975616, 0.081221, 0.203904, 0.0679993, 0.77145, -0.632647, -0.208686, 0.631086, 0.747115, -2.9806, 8.70156, 0.103229 )

[node name="mixamorigRightHandPinky2" parent="Armature001/mixamorigHips/mixamorigSpine/mixamorigSpine1/mixamorigSpine2/mixamorigRightShoulder/mixamorigRightArm/mixamorigRightForeArm/mixamorigRightHand/mixamorigRightHandPinky1" index="0"]
transform = Transform( 0.991639, 0.00925221, -0.12871, -0.0981345, 0.701758, -0.705624, 0.0837949, 0.712355, 0.696798, -0.00200793, 2.12278, -1.08898e-05 )

[node name="mixamorigRightHandPinky3" parent="Armature001/mixamorigHips/mixamorigSpine/mixamorigSpine1/mixamorigSpine2/mixamorigRightShoulder/mixamorigRightArm/mixamorigRightForeArm/mixamorigRightHand/mixamorigRightHandPinky1/mixamorigRightHandPinky2" index="0"]
transform = Transform( 1, -0.00085307, -4.44628e-05, 0.00085307, 1, -1.49376e-07, 4.44629e-05, 1.11446e-07, 1, 0.000365347, 1.77814, 3.41646e-06 )

[node name="mixamorigRightHandPinky4" parent="Armature001/mixamorigHips/mixamorigSpine/mixamorigSpine1/mixamorigSpine2/mixamorigRightShoulder/mixamorigRightArm/mixamorigRightForeArm/mixamorigRightHand/mixamorigRightHandPinky1/mixamorigRightHandPinky2/mixamorigRightHandPinky3" index="0"]
transform = Transform( 1, -3.37605e-09, -2.79397e-09, 3.37605e-09, 1, -4.88945e-09, 2.79397e-09, 4.88945e-09, 1, 0.00165719, 1.57698, 1.60784e-05 )

[node name="mixamorigLeftUpLeg" parent="Armature001/mixamorigHips" index="1"]
transform = Transform( -0.980047, 0.197448, -0.0228134, -0.194766, -0.931097, 0.308415, 0.0396556, 0.306713, 0.950949, 9.6987, -5.8679, 0.0415265 )

[node name="mixamorigLeftLeg" parent="Armature001/mixamorigHips/mixamorigLeftUpLeg" index="0"]
transform = Transform( 0.99839, -0.0534702, -0.0189366, 0.0438142, 0.514892, 0.856135, -0.0360274, -0.855586, 0.516405, -1.76433e-06, 44.5799, 3.74342e-06 )

[node name="mixamorigLeftFoot" parent="Armature001/mixamorigHips/mixamorigLeftUpLeg/mixamorigLeftLeg" index="0"]
transform = Transform( 0.964718, -0.0535714, -0.257777, -0.235288, 0.263929, -0.935404, 0.118146, 0.963054, 0.242012, 4.13259e-07, 47.9558, -6.40269e-07 )

[node name="mixamorigLeftToeBase" parent="Armature001/mixamorigHips/mixamorigLeftUpLeg/mixamorigLeftLeg/mixamorigLeftFoot" index="0"]
transform = Transform( 0.996886, -0.0534433, -0.0579825, -3.8743e-07, 0.735299, -0.677742, 0.0788553, 0.675632, 0.73301, -2.49746e-06, 18.5652, -6.09965e-08 )

[node name="mixamorigLeftToe_End" parent="Armature001/mixamorigHips/mixamorigLeftUpLeg/mixamorigLeftLeg/mixamorigLeftFoot/mixamorigLeftToeBase" index="0"]
transform = Transform( 1, 6.09288e-08, -2.6077e-07, -6.09289e-08, 1, -2.17115e-07, 2.6077e-07, 2.17115e-07, 1, 1.39326e-06, 6.65044, 1.01328e-06 )

[node name="mixamorigRightUpLeg" parent="Armature001/mixamorigHips" index="2"]
transform = Transform( -0.957604, -0.232264, -0.170472, 0.179812, -0.944108, 0.276288, -0.225108, 0.233911, 0.945878, -9.6987, -5.8679, -0.90435 )

[node name="mixamorigRightLeg" parent="Armature001/mixamorigHips/mixamorigRightUpLeg" index="0"]
transform = Transform( 0.998184, 0.052779, 0.029023, -0.0517432, 0.504737, 0.861721, 0.0308318, -0.861658, 0.506551, -2.18771e-06, 44.4772, -2.18051e-07 )

[node name="mixamorigRightFoot" parent="Armature001/mixamorigHips/mixamorigRightUpLeg/mixamorigRightLeg" index="0"]
transform = Transform( 0.948781, 0.133392, 0.286395, 0.252995, 0.222173, -0.941612, -0.189232, 0.96584, 0.177046, -2.99254e-06, 47.9871, -3.98243e-08 )

[node name="mixamorigRightToeBase" parent="Armature001/mixamorigHips/mixamorigRightUpLeg/mixamorigRightLeg/mixamorigRightFoot" index="0"]
transform = Transform( 0.996989, 0.0516027, 0.0578754, 1.22935e-06, 0.746387, -0.665512, -0.0775397, 0.663508, 0.74414, -2.59204e-07, 18.8936, 1.29534e-06 )

[node name="mixamorigRightToe_End" parent="Armature001/mixamorigHips/mixamorigRightUpLeg/mixamorigRightLeg/mixamorigRightFoot/mixamorigRightToeBase" index="0"]
transform = Transform( 1, 2.20169e-08, -1.23726e-06, -2.20172e-08, 1, -2.52156e-07, 1.23726e-06, 2.52156e-07, 1, -2.9169e-06, 6.93594, -1.93716e-07 )

[node name="mixamorigHips 2" parent="Armature002" index="0"]
transform = Transform( 0.981075, 0.0969136, 0.167627, -0.168949, 0.00553411, 0.985609, 0.0945913, -0.995277, 0.0218028, -0.845228, 1.10348, -112.499 )

[node name="mixamorigSpine 2" parent="Armature002/mixamorigHips 2" index="0"]
transform = Transform( 0.999996, 0.00219451, 0.0019819, -0.00238105, 0.995022, 0.0996271, -0.0017534, -0.0996314, 0.995023, 0, 10.5695, -1.04292 )

[node name="mixamorigSpine1 2" parent="Armature002/mixamorigHips 2/mixamorigSpine 2" index="0"]
transform = Transform( 0.999781, -0.0202017, -0.00550641, 0.0201006, 0.999639, -0.0178363, 0.00586474, 0.0177217, 0.999826, 9.53674e-07, 12.391, 2.38417e-07 )

[node name="mixamorigSpine2 2" parent="Armature002/mixamorigHips 2/mixamorigSpine 2/mixamorigSpine1 2" index="0"]
transform = Transform( 0.99978, -0.020159, -0.00578203, 0.0200542, 0.999643, -0.0176525, 0.00613583, 0.0175327, 0.999827, -2.08077e-12, 14.1611, -4.76837e-07 )

[node name="mixamorigNeck 2" parent="Armature002/mixamorigHips 2/mixamorigSpine 2/mixamorigSpine1 2/mixamorigSpine2 2" index="0"]
transform = Transform( 0.999727, -0.0153355, -0.0176497, 0.0138144, 0.996429, -0.083293, 0.0188641, 0.0830264, 0.996369, -2.83221e-12, 15.9313, 1.91196e-06 )

[node name="mixamorigHead 2" parent="Armature002/mixamorigHips 2/mixamorigSpine 2/mixamorigSpine1 2/mixamorigSpine2 2/mixamorigNeck 2" index="0"]
transform = Transform( 0.997313, -0.0101039, -0.0725579, 0.0181761, 0.993602, 0.11147, 0.0709674, -0.112489, 0.991115, 2.38411e-07, 5.93646, 1.44503 )

[node name="mixamorigHeadTop_End 2" parent="Armature002/mixamorigHips 2/mixamorigSpine 2/mixamorigSpine1 2/mixamorigSpine2 2/mixamorigNeck 2/mixamorigHead 2" index="0"]
transform = Transform( 1, 1.16415e-09, 0, -1.16415e-09, 1, -2.29579e-08, -2.67265e-17, 2.29579e-08, 1, -3.57628e-07, 20.1808, 4.91234 )

[node name="mixamorigLeftShoulder 2" parent="Armature002/mixamorigHips 2/mixamorigSpine 2/mixamorigSpine1 2/mixamorigSpine2 2" index="1"]
transform = Transform( 0.0431231, 0.904899, -0.423436, 0.0436127, -0.425131, -0.90408, -0.998117, 0.0205197, -0.0577983, 6.50994, 14.3831, -0.209679 )

[node name="mixamorigLeftArm 2" parent="Armature002/mixamorigHips 2/mixamorigSpine 2/mixamorigSpine1 2/mixamorigSpine2 2/mixamorigLeftShoulder 2" index="0"]
transform = Transform( 0.988506, -0.150611, 0.013119, 0.0996973, 0.584181, -0.805477, 0.11365, 0.797527, 0.592482, -3.90931e-07, 13.4562, -2.72434e-05 )

[node name="mixamorigLeftForeArm 2" parent="Armature002/mixamorigHips 2/mixamorigSpine 2/mixamorigSpine1 2/mixamorigSpine2 2/mixamorigLeftShoulder 2/mixamorigLeftArm 2" index="0"]
transform = Transform( 0.919016, -0.393902, -0.0157842, 0.392667, 0.918214, -0.0519067, 0.0349394, 0.0415052, 0.998527, 7.15256e-07, 17.7772, -2.17557e-06 )

[node name="mixamorigLeftHand 2" parent="Armature002/mixamorigHips 2/mixamorigSpine 2/mixamorigSpine1 2/mixamorigSpine2 2/mixamorigLeftShoulder 2/mixamorigLeftArm 2/mixamorigLeftForeArm 2" index="0"]
transform = Transform( 0.888023, -0.272618, 0.370262, 0.211048, 0.957102, 0.198529, -0.408502, -0.0981556, 0.907465, 2.6226e-06, 29.8993, 4.60818e-06 )

[node name="mixamorigLeftHandThumb1 2" parent="Armature002/mixamorigHips 2/mixamorigSpine 2/mixamorigSpine1 2/mixamorigSpine2 2/mixamorigLeftShoulder 2/mixamorigLeftArm 2/mixamorigLeftForeArm 2/mixamorigLeftHand 2" index="0"]
transform = Transform( 0.8971, -0.392679, 0.202522, 0.436467, 0.85882, -0.268188, -0.0686182, 0.328986, 0.941839, -2.62199, 2.96904, 1.13148 )

[node name="mixamorigLeftHandThumb2 2" parent="Armature002/mixamorigHips 2/mixamorigSpine 2/mixamorigSpine1 2/mixamorigSpine2 2/mixamorigLeftShoulder 2/mixamorigLeftArm 2/mixamorigLeftForeArm 2/mixamorigLeftHand 2/mixamorigLeftHandThumb1 2" index="0"]
transform = Transform( 0.99958, 0.0288477, -0.00283746, -0.0288984, 0.999385, -0.0198368, 0.00226347, 0.0199104, 0.999799, -0.361469, 3.27571, 3.15358e-06 )

[node name="mixamorigLeftHandThumb3 2" parent="Armature002/mixamorigHips 2/mixamorigSpine 2/mixamorigSpine1 2/mixamorigSpine2 2/mixamorigLeftShoulder 2/mixamorigLeftArm 2/mixamorigLeftForeArm 2/mixamorigLeftHand 2/mixamorigLeftHandThumb1 2/mixamorigLeftHandThumb2 2" index="0"]
transform = Transform( 0.996405, -0.0847002, -0.00187279, 0.084702, 0.995473, 0.0431061, -0.00178678, -0.0431098, 0.999069, 0.0478268, 2.9619, -1.52769e-05 )

[node name="mixamorigLeftHandThumb4 2" parent="Armature002/mixamorigHips 2/mixamorigSpine 2/mixamorigSpine1 2/mixamorigSpine2 2/mixamorigLeftShoulder 2/mixamorigLeftArm 2/mixamorigLeftForeArm 2/mixamorigLeftHand 2/mixamorigLeftHandThumb1 2/mixamorigLeftHandThumb2 2/mixamorigLeftHandThumb3 2" index="0"]
transform = Transform( 1, -4.65661e-09, -5.21541e-08, 4.65661e-09, 1, 1.49012e-08, 5.21541e-08, -1.49012e-08, 1, 0.313632, 2.35923, -1.07288e-05 )

[node name="mixamorigLeftHandIndex1 2" parent="Armature002/mixamorigHips 2/mixamorigSpine 2/mixamorigSpine1 2/mixamorigSpine2 2/mixamorigLeftShoulder 2/mixamorigLeftArm 2/mixamorigLeftForeArm 2/mixamorigLeftHand 2" index="1"]
transform = Transform( 0.995037, -0.0994495, -0.00328524, 0.0994878, 0.994927, 0.0149126, 0.00178552, -0.0151654, 0.999883, -3.11489, 9.82609, 0.12137 )

[node name="mixamorigLeftHandIndex2 2" parent="Armature002/mixamorigHips 2/mixamorigSpine 2/mixamorigSpine1 2/mixamorigSpine2 2/mixamorigLeftShoulder 2/mixamorigLeftArm 2/mixamorigLeftForeArm 2/mixamorigLeftHand 2/mixamorigLeftHandIndex1 2" index="0"]
transform = Transform( 1, 0.0006979, 1.88634e-06, -0.0006979, 1, -4.62194e-06, -1.88956e-06, 4.62062e-06, 1, 0.000678539, 2.50763, -1.00155e-05 )

[node name="mixamorigLeftHandIndex3 2" parent="Armature002/mixamorigHips 2/mixamorigSpine 2/mixamorigSpine1 2/mixamorigSpine2 2/mixamorigLeftShoulder 2/mixamorigLeftArm 2/mixamorigLeftForeArm 2/mixamorigLeftHand 2/mixamorigLeftHandIndex1 2/mixamorigLeftHandIndex2 2" index="0"]
transform = Transform( 1, -0.000559414, -7.47112e-07, 0.000559414, 1, 2.95619e-06, 7.45458e-07, -2.95661e-06, 1, -0.00100613, 2.39218, -2.08337e-05 )

[node name="mixamorigLeftHandIndex4 2" parent="Armature002/mixamorigHips 2/mixamorigSpine 2/mixamorigSpine1 2/mixamorigSpine2 2/mixamorigLeftShoulder 2/mixamorigLeftArm 2/mixamorigLeftForeArm 2/mixamorigLeftHand 2/mixamorigLeftHandIndex1 2/mixamorigLeftHandIndex2 2/mixamorigLeftHandIndex3 2" index="0"]
transform = Transform( 1, -2.6077e-08, -9.31323e-10, 2.6077e-08, 1, 1.21072e-08, 9.31322e-10, -1.21072e-08, 1, 0.000335693, 2.12988, 5.30482e-06 )

[node name="mixamorigLeftHandMiddle1 2" parent="Armature002/mixamorigHips 2/mixamorigSpine 2/mixamorigSpine1 2/mixamorigSpine2 2/mixamorigLeftShoulder 2/mixamorigLeftArm 2/mixamorigLeftForeArm 2/mixamorigLeftHand 2" index="2"]
transform = Transform( 0.995021, -0.0996664, -0.000920746, 0.0996687, 0.994901, 0.0154275, -0.000621555, -0.0154425, 0.99988, -0.979308, 9.82501, -0.149676 )

[node name="mixamorigLeftHandMiddle2 2" parent="Armature002/mixamorigHips 2/mixamorigSpine 2/mixamorigSpine1 2/mixamorigSpine2 2/mixamorigLeftShoulder 2/mixamorigLeftArm 2/mixamorigLeftForeArm 2/mixamorigLeftHand 2/mixamorigLeftHandMiddle1 2" index="0"]
transform = Transform( 0.999999, -0.00101855, 3.32351e-05, 0.00101856, 0.999999, -0.000279162, -3.29507e-05, 0.000279196, 1, 0.00144482, 3.00288, -1.2579e-05 )

[node name="mixamorigLeftHandMiddle3 2" parent="Armature002/mixamorigHips 2/mixamorigSpine 2/mixamorigSpine1 2/mixamorigSpine2 2/mixamorigLeftShoulder 2/mixamorigLeftArm 2/mixamorigLeftForeArm 2/mixamorigLeftHand 2/mixamorigLeftHandMiddle1 2/mixamorigLeftHandMiddle2 2" index="0"]
transform = Transform( 0.999993, 0.00381003, 4.78761e-05, -0.00381003, 0.999993, -3.03377e-06, -4.78873e-05, 2.85134e-06, 1, 0.00434828, 2.83673, 1.88824e-06 )

[node name="mixamorigLeftHandMiddle4 2" parent="Armature002/mixamorigHips 2/mixamorigSpine 2/mixamorigSpine1 2/mixamorigSpine2 2/mixamorigLeftShoulder 2/mixamorigLeftArm 2/mixamorigLeftForeArm 2/mixamorigLeftHand 2/mixamorigLeftHandMiddle1 2/mixamorigLeftHandMiddle2 2/mixamorigLeftHandMiddle3 2" index="0"]
transform = Transform( 1, 1.17579e-08, 1.33179e-07, -1.1758e-08, 1, 3.25963e-09, -1.33179e-07, -3.25963e-09, 1, -0.00579643, 2.52802, 2.43485e-05 )

[node name="mixamorigLeftHandRing1 2" parent="Armature002/mixamorigHips 2/mixamorigSpine 2/mixamorigSpine1 2/mixamorigSpine2 2/mixamorigLeftShoulder 2/mixamorigLeftArm 2/mixamorigLeftForeArm 2/mixamorigLeftHand 2" index="3"]
transform = Transform( 0.995144, -0.0984256, -0.000524267, 0.0984222, 0.995029, 0.0151879, -0.000973214, -0.0151657, 0.999885, 0.992842, 9.58119, -0.17323 )

[node name="mixamorigLeftHandRing2 2" parent="Armature002/mixamorigHips 2/mixamorigSpine 2/mixamorigSpine1 2/mixamorigSpine2 2/mixamorigLeftShoulder 2/mixamorigLeftArm 2/mixamorigLeftForeArm 2/mixamorigLeftHand 2/mixamorigLeftHandRing1 2" index="0"]
transform = Transform( 1, -0.000263091, -5.61115e-06, 0.000263091, 1, -1.86057e-06, 5.61164e-06, 1.8591e-06, 1, -0.00198185, 2.67011, -1.71347e-05 )

[node name="mixamorigLeftHandRing3 2" parent="Armature002/mixamorigHips 2/mixamorigSpine 2/mixamorigSpine1 2/mixamorigSpine2 2/mixamorigLeftShoulder 2/mixamorigLeftArm 2/mixamorigLeftForeArm 2/mixamorigLeftHand 2/mixamorigLeftHandRing1 2/mixamorigLeftHandRing2 2" index="0"]
transform = Transform( 0.999998, -0.00190416, 2.87867e-05, 0.00190416, 0.999998, -1.52434e-06, -2.87837e-05, 1.57915e-06, 1, -0.00115955, 2.47189, 6.91762e-06 )

[node name="mixamorigLeftHandRing4 2" parent="Armature002/mixamorigHips 2/mixamorigSpine 2/mixamorigSpine1 2/mixamorigSpine2 2/mixamorigLeftShoulder 2/mixamorigLeftArm 2/mixamorigLeftForeArm 2/mixamorigLeftHand 2/mixamorigLeftHandRing1 2/mixamorigLeftHandRing2 2/mixamorigLeftHandRing3 2" index="0"]
transform = Transform( 1, -3.67872e-08, -2.02563e-08, 3.67872e-08, 1, -2.10712e-08, 2.02563e-08, 2.10712e-08, 1, 0.00314784, 2.18526, -1.93119e-05 )

[node name="mixamorigLeftHandPinky1 2" parent="Armature002/mixamorigHips 2/mixamorigSpine 2/mixamorigSpine1 2/mixamorigSpine2 2/mixamorigLeftShoulder 2/mixamorigLeftArm 2/mixamorigLeftForeArm 2/mixamorigLeftHand 2" index="4"]
transform = Transform( 0.999555, -0.0298256, 0.000133448, 0.0298143, 0.999282, 0.0233899, -0.00083097, -0.0233755, 0.999726, 3.10135, 9.13015, 0.189403 )

[node name="mixamorigLeftHandPinky2 2" parent="Armature002/mixamorigHips 2/mixamorigSpine 2/mixamorigSpine1 2/mixamorigSpine2 2/mixamorigLeftShoulder 2/mixamorigLeftArm 2/mixamorigLeftForeArm 2/mixamorigLeftHand 2/mixamorigLeftHandPinky1 2" index="0"]
transform = Transform( 0.997469, -0.0711022, 0.00029273, 0.0711022, 0.997436, -0.00810144, 0.00028405, 0.00810175, 0.999967, 0.00269467, 2.00134, 2.64814e-06 )

[node name="mixamorigLeftHandPinky3 2" parent="Armature002/mixamorigHips 2/mixamorigSpine 2/mixamorigSpine1 2/mixamorigSpine2 2/mixamorigLeftShoulder 2/mixamorigLeftArm 2/mixamorigLeftForeArm 2/mixamorigLeftHand 2/mixamorigLeftHandPinky1 2/mixamorigLeftHandPinky2 2" index="0"]
transform = Transform( 0.999986, 0.00536189, 0.00016867, -0.00536189, 0.999985, 2.85553e-07, -0.000168666, -1.18994e-06, 1, 0.00268525, 1.63096, 9.77792e-07 )

[node name="mixamorigLeftHandPinky4 2" parent="Armature002/mixamorigHips 2/mixamorigSpine 2/mixamorigSpine1 2/mixamorigSpine2 2/mixamorigLeftShoulder 2/mixamorigLeftArm 2/mixamorigLeftForeArm 2/mixamorigLeftHand 2/mixamorigLeftHandPinky1 2/mixamorigLeftHandPinky2 2/mixamorigLeftHandPinky3 2" index="0"]
transform = Transform( 1, -4.42378e-08, 2.40281e-07, 4.42378e-08, 1, 2.42144e-08, -2.40281e-07, -2.42144e-08, 1, -0.00538659, 1.45678, 2.64497e-07 )

[node name="mixamorigRightShoulder 2" parent="Armature002/mixamorigHips 2/mixamorigSpine 2/mixamorigSpine1 2/mixamorigSpine2 2" index="2"]
transform = Transform( -0.124054, -0.897279, 0.423675, -0.0128817, -0.425481, -0.904876, 0.992192, -0.117711, 0.041224, -6.50995, 14.372, -0.0969448 )

[node name="mixamorigRightArm 2" parent="Armature002/mixamorigHips 2/mixamorigSpine 2/mixamorigSpine1 2/mixamorigSpine2 2/mixamorigRightShoulder 2" index="0"]
transform = Transform( 0.896403, -0.00505686, 0.443212, 0.322754, 0.692799, -0.644872, -0.303795, 0.721113, 0.622659, -1.86965e-06, 13.4562, 5.33571e-06 )

[node name="mixamorigRightForeArm 2" parent="Armature002/mixamorigHips 2/mixamorigSpine 2/mixamorigSpine1 2/mixamorigSpine2 2/mixamorigRightShoulder 2/mixamorigRightArm 2" index="0"]
transform = Transform( 0.99767, 0.0613142, 0.0299254, -0.0611077, 0.998101, -0.00776864, -0.0303449, 0.00592187, 0.999522, 9.6394e-06, 17.7774, -3.27535e-06 )

[node name="mixamorigRightHand 2" parent="Armature002/mixamorigHips 2/mixamorigSpine 2/mixamorigSpine1 2/mixamorigSpine2 2/mixamorigRightShoulder 2/mixamorigRightArm 2/mixamorigRightForeArm 2" index="0"]
transform = Transform( 0.541516, 0.447259, -0.711842, 0.0915955, 0.810306, 0.578804, 0.835686, -0.378633, 0.397826, -1.57323e-06, 29.9619, -3.02189e-06 )

[node name="mixamorigRightHandThumb1 2" parent="Armature002/mixamorigHips 2/mixamorigSpine 2/mixamorigSpine1 2/mixamorigSpine2 2/mixamorigRightShoulder 2/mixamorigRightArm 2/mixamorigRightForeArm 2/mixamorigRightHand 2" index="0"]
transform = Transform( 0.892765, 0.402048, -0.203291, -0.445366, 0.855663, -0.263609, 0.0679649, 0.32588, 0.942965, 2.62554, 3.00246, 1.12599 )

[node name="mixamorigRightHandThumb2 2" parent="Armature002/mixamorigHips 2/mixamorigSpine 2/mixamorigSpine1 2/mixamorigSpine2 2/mixamorigRightShoulder 2/mixamorigRightArm 2/mixamorigRightForeArm 2/mixamorigRightHand 2/mixamorigRightHandThumb1 2" index="0"]
transform = Transform( 0.998182, -0.0602719, 0.00100127, 0.060274, 0.997703, -0.0309262, 0.000865016, 0.0309303, 0.999521, 0.317737, 3.30027, -7.06921e-06 )

[node name="mixamorigRightHandThumb3 2" parent="Armature002/mixamorigHips 2/mixamorigSpine 2/mixamorigSpine1 2/mixamorigSpine2 2/mixamorigRightShoulder 2/mixamorigRightArm 2/mixamorigRightForeArm 2/mixamorigRightHand 2/mixamorigRightHandThumb1 2/mixamorigRightHandThumb2 2" index="0"]
transform = Transform( 0.994164, 0.107871, 0.00103936, -0.107816, 0.993248, 0.0428293, 0.00358769, -0.0426914, 0.999082, -0.0369554, 2.95357, -1.91331e-05 )

[node name="mixamorigRightHandThumb4 2" parent="Armature002/mixamorigHips 2/mixamorigSpine 2/mixamorigSpine1 2/mixamorigSpine2 2/mixamorigRightShoulder 2/mixamorigRightArm 2/mixamorigRightForeArm 2/mixamorigRightHand 2/mixamorigRightHandThumb1 2/mixamorigRightHandThumb2 2/mixamorigRightHandThumb3 2" index="0"]
transform = Transform( 1, 7.26432e-08, -2.6077e-08, -7.26432e-08, 1, -2.23517e-08, 2.6077e-08, 2.23517e-08, 1, -0.280786, 2.36172, 2.02656e-06 )

[node name="mixamorigRightHandIndex1 2" parent="Armature002/mixamorigHips 2/mixamorigSpine 2/mixamorigSpine1 2/mixamorigSpine2 2/mixamorigRightShoulder 2/mixamorigRightArm 2/mixamorigRightForeArm 2/mixamorigRightHand 2" index="1"]
transform = Transform( 0.995431, 0.0954704, 0.00178312, -0.0954868, 0.995298, 0.0162358, -0.000224696, -0.0163319, 0.999867, 3.0678, 9.75204, 0.178034 )

[node name="mixamorigRightHandIndex2 2" parent="Armature002/mixamorigHips 2/mixamorigSpine 2/mixamorigSpine1 2/mixamorigSpine2 2/mixamorigRightShoulder 2/mixamorigRightArm 2/mixamorigRightForeArm 2/mixamorigRightHand 2/mixamorigRightHandIndex1 2" index="0"]
transform = Transform( 0.999999, 0.000949869, -1.71627e-05, -0.000949869, 0.999999, -4.3886e-06, 1.71585e-05, 4.4049e-06, 1, 0.00477743, 2.49472, -1.79635e-06 )

[node name="mixamorigRightHandIndex3 2" parent="Armature002/mixamorigHips 2/mixamorigSpine 2/mixamorigSpine1 2/mixamorigSpine2 2/mixamorigRightShoulder 2/mixamorigRightArm 2/mixamorigRightForeArm 2/mixamorigRightHand 2/mixamorigRightHandIndex1 2/mixamorigRightHandIndex2 2" index="0"]
transform = Transform( 0.999989, 0.00461424, -0.00027204, -0.00461424, 0.999989, 3.07851e-06, 0.000272052, -1.82322e-06, 1, 0.00236177, 2.46476, -1.14281e-05 )

[node name="mixamorigRightHandIndex4 2" parent="Armature002/mixamorigHips 2/mixamorigSpine 2/mixamorigSpine1 2/mixamorigSpine2 2/mixamorigRightShoulder 2/mixamorigRightArm 2/mixamorigRightForeArm 2/mixamorigRightHand 2/mixamorigRightHandIndex1 2/mixamorigRightHandIndex2 2/mixamorigRightHandIndex3 2" index="0"]
transform = Transform( 1, 1.21072e-08, 4.65661e-09, -1.21072e-08, 1, -6.98492e-09, -4.65661e-09, 6.98492e-09, 1, -0.00713062, 1.95056, -8.67248e-06 )

[node name="mixamorigRightHandMiddle1 2" parent="Armature002/mixamorigHips 2/mixamorigSpine 2/mixamorigSpine1 2/mixamorigSpine2 2/mixamorigRightShoulder 2/mixamorigRightArm 2/mixamorigRightForeArm 2/mixamorigRightHand 2" index="2"]
transform = Transform( 0.995276, 0.0970864, 0.000619398, -0.0970835, 0.995142, 0.0163477, 0.000970747, -0.0163306, 0.999866, 0.952104, 9.73203, -0.157325 )

