[gd_scene load_steps=3 format=2]

[ext_resource path="res://Assets/Modelos/Animaciones/Boss/perreo.gltf" type="PackedScene" id=1]
[ext_resource path="res://Scripts/replay_anim.gd" type="Script" id=2]

[node name="perreo" instance=ExtResource( 1 )]

[node name="mixamorigHips" parent="Armature001" index="0"]
transform = Transform( 0.996958, -0.00183349, 0.0779142, -0.0760087, -0.243818, 0.966838, 0.0172242, -0.969819, -0.243216, -0.218051, -0.855341, -96.6679 )

[node name="mixamorigSpine" parent="Armature001/mixamorigHips" index="0"]
transform = Transform( 0.999976, -0.00646333, -0.00246032, 0.00564879, 0.968589, -0.248605, 0.00398985, 0.248585, 0.968602, -2.38419e-07, 10.5695, -1.04292 )

[node name="mixamorigSpine1" parent="Armature001/mixamorigHips/mixamorigSpine" index="0"]
transform = Transform( 0.999912, -0.0112231, -0.00702715, 0.0102881, 0.992562, -0.121304, 0.00833629, 0.121221, 0.99259, -3.91996e-18, 12.391, 2.38418e-07 )

[node name="mixamorigSpine2" parent="Armature001/mixamorigHips/mixamorigSpine/mixamorigSpine1" index="0"]
transform = Transform( 0.999913, -0.0111884, -0.00701411, 0.0102552, 0.992562, -0.121308, 0.00831918, 0.121225, 0.99259, 7.45037e-08, 14.1611, 1.43051e-06 )

[node name="mixamorigNeck" parent="Armature001/mixamorigHips/mixamorigSpine/mixamorigSpine1/mixamorigSpine2" index="0"]
transform = Transform( 0.999725, 0.00865455, -0.0217838, -0.00609005, 0.993329, 0.115152, 0.0226351, -0.114987, 0.993109, -2.83219e-12, 15.9313, 1.36267e-06 )

[node name="mixamorigHead" parent="Armature001/mixamorigHips/mixamorigSpine/mixamorigSpine1/mixamorigSpine2/mixamorigNeck" index="0"]
transform = Transform( 0.999531, 3.92916e-05, -0.030612, 0.00846009, 0.960697, 0.277469, 0.0294197, -0.277598, 0.960247, -2.98096e-08, 5.93646, 1.44503 )

[node name="mixamorigHeadTop_End" parent="Armature001/mixamorigHips/mixamorigSpine/mixamorigSpine1/mixamorigSpine2/mixamorigNeck/mixamorigHead" index="0"]
transform = Transform( 1, -3.46038e-18, -4.65661e-10, -1.41691e-17, 1, -3.78591e-08, 4.65661e-10, 3.78591e-08, 1, -5.96046e-08, 20.1808, 4.91234 )

[node name="mixamorigLeftShoulder" parent="Armature001/mixamorigHips/mixamorigSpine/mixamorigSpine1/mixamorigSpine2" index="1"]
transform = Transform( 0.126862, 0.917039, -0.378082, 0.0584451, -0.387409, -0.920053, -0.990197, 0.0946224, -0.102744, 6.50995, 14.3831, -0.209682 )

[node name="mixamorigLeftArm" parent="Armature001/mixamorigHips/mixamorigSpine/mixamorigSpine1/mixamorigSpine2/mixamorigLeftShoulder" index="0"]
transform = Transform( 0.977141, -0.210863, -0.0270571, 0.127603, 0.683529, -0.718683, 0.170038, 0.698802, 0.694811, 2.98023e-07, 13.4562, -1.20103e-05 )

[node name="mixamorigLeftForeArm" parent="Armature001/mixamorigHips/mixamorigSpine/mixamorigSpine1/mixamorigSpine2/mixamorigLeftShoulder/mixamorigLeftArm" index="0"]
transform = Transform( 0.122102, -0.989285, 0.0800423, 0.942752, 0.140818, 0.302307, -0.310339, 0.0385478, 0.949844, 6.65962e-07, 17.7772, -5.49424e-07 )

[node name="mixamorigLeftHand" parent="Armature001/mixamorigHips/mixamorigSpine/mixamorigSpine1/mixamorigSpine2/mixamorigLeftShoulder/mixamorigLeftArm/mixamorigLeftForeArm" index="0"]
transform = Transform( 0.892796, 0.15595, 0.422605, -0.0505466, 0.966918, -0.250029, -0.447617, 0.201864, 0.871143, 1.10936e-06, 29.8993, -3.28811e-06 )

[node name="mixamorigLeftHandThumb1" parent="Armature001/mixamorigHips/mixamorigSpine/mixamorigSpine1/mixamorigSpine2/mixamorigLeftShoulder/mixamorigLeftArm/mixamorigLeftForeArm/mixamorigLeftHand" index="0"]
transform = Transform( 0.885853, -0.37501, 0.273188, 0.442135, 0.86081, -0.252039, -0.140646, 0.344055, 0.928356, -2.622, 2.96903, 1.13149 )

[node name="mixamorigLeftHandThumb2" parent="Armature001/mixamorigHips/mixamorigSpine/mixamorigSpine1/mixamorigSpine2/mixamorigLeftShoulder/mixamorigLeftArm/mixamorigLeftForeArm/mixamorigLeftHand/mixamorigLeftHandThumb1" index="0"]
transform = Transform( 0.963375, 0.184161, -0.19492, -0.192469, 0.980999, -0.02441, 0.186721, 0.061032, 0.980516, -0.361476, 3.2757, 2.87104e-06 )

[node name="mixamorigLeftHandThumb3" parent="Armature001/mixamorigHips/mixamorigSpine/mixamorigSpine1/mixamorigSpine2/mixamorigLeftShoulder/mixamorigLeftArm/mixamorigLeftForeArm/mixamorigLeftHand/mixamorigLeftHandThumb1/mixamorigLeftHandThumb2" index="0"]
transform = Transform( 0.993273, -0.115754, -0.00323844, 0.115755, 0.993278, 5.19269e-05, 0.00321066, -0.000426443, 0.999995, 0.0478458, 2.9619, -2.30655e-05 )

[node name="mixamorigLeftHandThumb4" parent="Armature001/mixamorigHips/mixamorigSpine/mixamorigSpine1/mixamorigSpine2/mixamorigLeftShoulder/mixamorigLeftArm/mixamorigLeftForeArm/mixamorigLeftHand/mixamorigLeftHandThumb1/mixamorigLeftHandThumb2/mixamorigLeftHandThumb3" index="0"]
transform = Transform( 1, 1.76951e-08, -4.09782e-08, -1.76951e-08, 1, -2.48065e-16, 4.09782e-08, 9.7318e-16, 1, 0.313624, 2.35922, -3.09944e-06 )

[node name="mixamorigLeftHandIndex1" parent="Armature001/mixamorigHips/mixamorigSpine/mixamorigSpine1/mixamorigSpine2/mixamorigLeftShoulder/mixamorigLeftArm/mixamorigLeftForeArm/mixamorigLeftHand" index="1"]
transform = Transform( 0.980983, -0.110487, -0.159577, 0.0518044, 0.941386, -0.333329, 0.187052, 0.318723, 0.929208, -3.11489, 9.8261, 0.121378 )

[node name="mixamorigLeftHandIndex2" parent="Armature001/mixamorigHips/mixamorigSpine/mixamorigSpine1/mixamorigSpine2/mixamorigLeftShoulder/mixamorigLeftArm/mixamorigLeftForeArm/mixamorigLeftHand/mixamorigLeftHandIndex1" index="0"]
transform = Transform( 0.993977, 0.108873, -0.0125195, -0.105781, 0.923284, -0.369265, -0.0286438, 0.368365, 0.92924, 0.000674725, 2.50761, -9.47371e-06 )

[node name="mixamorigLeftHandIndex3" parent="Armature001/mixamorigHips/mixamorigSpine/mixamorigSpine1/mixamorigSpine2/mixamorigLeftShoulder/mixamorigLeftArm/mixamorigLeftForeArm/mixamorigLeftHand/mixamorigLeftHandIndex1/mixamorigLeftHandIndex2" index="0"]
transform = Transform( 1, -0.000559364, -7.78612e-07, 0.000559364, 1, 3.02696e-06, 7.76919e-07, -3.0274e-06, 1, -0.00101376, 2.39217, -1.32888e-05 )

[node name="mixamorigLeftHandIndex4" parent="Armature001/mixamorigHips/mixamorigSpine/mixamorigSpine1/mixamorigSpine2/mixamorigLeftShoulder/mixamorigLeftArm/mixamorigLeftForeArm/mixamorigLeftHand/mixamorigLeftHandIndex1/mixamorigLeftHandIndex2/mixamorigLeftHandIndex3" index="0"]
transform = Transform( 1, -2.04891e-08, -9.31323e-10, 2.04891e-08, 1, -2.79396e-09, 9.31323e-10, 2.79396e-09, 1, 0.000331879, 2.12987, 5.30482e-06 )

[node name="mixamorigLeftHandMiddle1" parent="Armature001/mixamorigHips/mixamorigSpine/mixamorigSpine1/mixamorigSpine2/mixamorigLeftShoulder/mixamorigLeftArm/mixamorigLeftForeArm/mixamorigLeftHand" index="2"]
transform = Transform( 0.968751, -0.0318131, -0.245986, -0.0691504, 0.917778, -0.391026, 0.2382, 0.395817, 0.886899, -0.979292, 9.825, -0.149692 )

[node name="mixamorigLeftHandMiddle2" parent="Armature001/mixamorigHips/mixamorigSpine/mixamorigSpine1/mixamorigSpine2/mixamorigLeftShoulder/mixamorigLeftArm/mixamorigLeftForeArm/mixamorigLeftHand/mixamorigLeftHandMiddle1" index="0"]
transform = Transform( 0.99234, 0.111554, 0.0530737, -0.0681892, 0.85287, -0.517652, -0.103011, 0.510068, 0.853944, 0.001441, 3.00287, -1.28354e-05 )

[node name="mixamorigLeftHandMiddle3" parent="Armature001/mixamorigHips/mixamorigSpine/mixamorigSpine1/mixamorigSpine2/mixamorigLeftShoulder/mixamorigLeftArm/mixamorigLeftForeArm/mixamorigLeftHand/mixamorigLeftHandMiddle1/mixamorigLeftHandMiddle2" index="0"]
transform = Transform( 0.999993, 0.00381001, 4.795e-05, -0.00381001, 0.999993, -2.69119e-06, -4.79599e-05, 2.50848e-06, 1, 0.00434446, 2.83673, -4.9863e-06 )

[node name="mixamorigLeftHandMiddle4" parent="Armature001/mixamorigHips/mixamorigSpine/mixamorigSpine1/mixamorigSpine2/mixamorigLeftShoulder/mixamorigLeftArm/mixamorigLeftForeArm/mixamorigLeftHand/mixamorigLeftHandMiddle1/mixamorigLeftHandMiddle2/mixamorigLeftHandMiddle3" index="0"]
transform = Transform( 1, 5.82075e-10, 1.22003e-07, -5.82074e-10, 1, -7.91624e-09, -1.22003e-07, 7.91624e-09, 1, -0.00579262, 2.52802, 1.67191e-05 )

[node name="mixamorigLeftHandRing1" parent="Armature001/mixamorigHips/mixamorigSpine/mixamorigSpine1/mixamorigSpine2/mixamorigLeftShoulder/mixamorigLeftArm/mixamorigLeftForeArm/mixamorigLeftHand" index="3"]
transform = Transform( 0.981537, -0.0813124, -0.17313, -0.0394742, 0.799545, -0.599307, 0.187157, 0.595076, 0.781573, 0.992839, 9.58118, -0.17323 )

[node name="mixamorigLeftHandRing2" parent="Armature001/mixamorigHips/mixamorigSpine/mixamorigSpine1/mixamorigSpine2/mixamorigLeftShoulder/mixamorigLeftArm/mixamorigLeftForeArm/mixamorigLeftHand/mixamorigLeftHandRing1" index="0"]
transform = Transform( 0.998692, 0.0299842, 0.0414212, 0.00283733, 0.776298, -0.630359, -0.051056, 0.629652, 0.775198, -0.00198185, 2.6701, -1.7241e-05 )

[node name="mixamorigLeftHandRing3" parent="Armature001/mixamorigHips/mixamorigSpine/mixamorigSpine1/mixamorigSpine2/mixamorigLeftShoulder/mixamorigLeftArm/mixamorigLeftForeArm/mixamorigLeftHand/mixamorigLeftHandRing1/mixamorigLeftHandRing2" index="0"]
transform = Transform( 0.999998, -0.00190423, 2.88218e-05, 0.00190423, 0.999998, -1.49077e-06, -2.88189e-05, 1.54566e-06, 1, -0.00115573, 2.47188, 5.26424e-06 )

[node name="mixamorigLeftHandRing4" parent="Armature001/mixamorigHips/mixamorigSpine/mixamorigSpine1/mixamorigSpine2/mixamorigLeftShoulder/mixamorigLeftArm/mixamorigLeftForeArm/mixamorigLeftHand/mixamorigLeftHandRing1/mixamorigLeftHandRing2/mixamorigLeftHandRing3" index="0"]
transform = Transform( 1, -4.98258e-08, 7.68341e-09, 4.98258e-08, 1, -2.10712e-08, -7.68341e-09, 2.10712e-08, 1, 0.00314403, 2.18526, -1.90735e-05 )

[node name="mixamorigLeftHandPinky1" parent="Armature001/mixamorigHips/mixamorigSpine/mixamorigSpine1/mixamorigSpine2/mixamorigLeftShoulder/mixamorigLeftArm/mixamorigLeftForeArm/mixamorigLeftHand" index="4"]
transform = Transform( 0.976851, -0.0950907, -0.191623, -0.0502435, 0.768726, -0.637601, 0.207936, 0.632469, 0.746153, 3.10134, 9.13015, 0.18941 )

[node name="mixamorigLeftHandPinky2" parent="Armature001/mixamorigHips/mixamorigSpine/mixamorigSpine1/mixamorigSpine2/mixamorigLeftShoulder/mixamorigLeftArm/mixamorigLeftForeArm/mixamorigLeftHand/mixamorigLeftHandPinky1" index="0"]
transform = Transform( 0.990441, -0.0265193, 0.135362, 0.115142, 0.699305, -0.705489, -0.07595, 0.714331, 0.695674, 0.00270611, 2.00136, 6.63195e-06 )

[node name="mixamorigLeftHandPinky3" parent="Armature001/mixamorigHips/mixamorigSpine/mixamorigSpine1/mixamorigSpine2/mixamorigLeftShoulder/mixamorigLeftArm/mixamorigLeftForeArm/mixamorigLeftHand/mixamorigLeftHandPinky1/mixamorigLeftHandPinky2" index="0"]
transform = Transform( 0.999986, 0.00536176, 0.000168636, -0.00536176, 0.999985, 4.94273e-07, -0.000168631, -1.39845e-06, 1, 0.00268143, 1.63095, -5.46789e-06 )

[node name="mixamorigLeftHandPinky4" parent="Armature001/mixamorigHips/mixamorigSpine/mixamorigSpine1/mixamorigSpine2/mixamorigLeftShoulder/mixamorigLeftArm/mixamorigLeftForeArm/mixamorigLeftHand/mixamorigLeftHandPinky1/mixamorigLeftHandPinky2/mixamorigLeftHandPinky3" index="0"]
transform = Transform( 1, 6.0536e-09, 2.14204e-07, -6.0536e-09, 1, -2.04891e-08, -2.14204e-07, 2.04891e-08, 1, -0.00538278, 1.45678, -3.5502e-06 )

[node name="mixamorigRightShoulder" parent="Armature001/mixamorigHips/mixamorigSpine/mixamorigSpine1/mixamorigSpine2" index="2"]
transform = Transform( -0.0893013, -0.832103, 0.547384, -0.162252, -0.530085, -0.832276, 0.9827, -0.163138, -0.0876732, -6.50995, 14.372, -0.0969477 )

[node name="mixamorigRightArm" parent="Armature001/mixamorigHips/mixamorigSpine/mixamorigSpine1/mixamorigSpine2/mixamorigRightShoulder" index="0"]
transform = Transform( 0.933169, 0.356494, 0.0459141, -0.237072, 0.706456, -0.666871, -0.270172, 0.611418, 0.743757, 1.70606e-06, 13.4562, 5.33571e-06 )

[node name="mixamorigRightForeArm" parent="Armature001/mixamorigHips/mixamorigSpine/mixamorigSpine1/mixamorigSpine2/mixamorigRightShoulder/mixamorigRightArm" index="0"]
transform = Transform( 0.08408, 0.97697, -0.196114, -0.952151, 0.136806, 0.273301, 0.293837, 0.16375, 0.941725, 1.38485e-06, 17.7774, -7.52086e-06 )

[node name="mixamorigRightHand" parent="Armature001/mixamorigHips/mixamorigSpine/mixamorigSpine1/mixamorigSpine2/mixamorigRightShoulder/mixamorigRightArm/mixamorigRightForeArm" index="0"]
transform = Transform( 0.962298, -0.148926, -0.227604, 0.134526, 0.987866, -0.0776106, 0.2364, 0.0440659, 0.970656, -1.3222e-05, 29.9619, 7.2926e-06 )

[node name="mixamorigRightHandThumb1" parent="Armature001/mixamorigHips/mixamorigSpine/mixamorigSpine1/mixamorigSpine2/mixamorigRightShoulder/mixamorigRightArm/mixamorigRightForeArm/mixamorigRightHand" index="0"]
transform = Transform( 0.882008, 0.380163, -0.278456, -0.449551, 0.855991, -0.255309, 0.141297, 0.350365, 0.925894, 2.62554, 3.00246, 1.12599 )

[node name="mixamorigRightHandThumb2" parent="Armature001/mixamorigHips/mixamorigSpine/mixamorigSpine1/mixamorigSpine2/mixamorigRightShoulder/mixamorigRightArm/mixamorigRightForeArm/mixamorigRightHand/mixamorigRightHandThumb1" index="0"]
transform = Transform( 0.960197, -0.201881, 0.193042, 0.209441, 0.977629, -0.0193716, -0.184813, 0.0590314, 0.980999, 0.317739, 3.30027, 4.32004e-07 )

[node name="mixamorigRightHandThumb3" parent="Armature001/mixamorigHips/mixamorigSpine/mixamorigSpine1/mixamorigSpine2/mixamorigRightShoulder/mixamorigRightArm/mixamorigRightForeArm/mixamorigRightHand/mixamorigRightHandThumb1/mixamorigRightHandThumb2" index="0"]
transform = Transform( 0.994406, 0.105617, 0.00152453, -0.105617, 0.994407, 1.95133e-05, -0.00151394, -0.000180421, 0.999999, -0.0369611, 2.95359, -4.41074e-06 )

[node name="mixamorigRightHandThumb4" parent="Armature001/mixamorigHips/mixamorigSpine/mixamorigSpine1/mixamorigSpine2/mixamorigRightShoulder/mixamorigRightArm/mixamorigRightForeArm/mixamorigRightHand/mixamorigRightHandThumb1/mixamorigRightHandThumb2/mixamorigRightHandThumb3" index="0"]
transform = Transform( 1, 6.14673e-08, -5.58793e-08, -6.14673e-08, 1, 6.70552e-08, 5.58794e-08, -6.70552e-08, 1, -0.280778, 2.36172, 9.65595e-06 )

[node name="mixamorigRightHandIndex1" parent="Armature001/mixamorigHips/mixamorigSpine/mixamorigSpine1/mixamorigSpine2/mixamorigRightShoulder/mixamorigRightArm/mixamorigRightForeArm/mixamorigRightHand" index="1"]
transform = Transform( 0.981922, 0.101764, 0.159605, -0.0437956, 0.94245, -0.331465, -0.184151, 0.318483, 0.929869, 3.06779, 9.75203, 0.178042 )

[node name="mixamorigRightHandIndex2" parent="Armature001/mixamorigHips/mixamorigSpine/mixamorigSpine1/mixamorigSpine2/mixamorigRightShoulder/mixamorigRightArm/mixamorigRightForeArm/mixamorigRightHand/mixamorigRightHandIndex1" index="0"]
transform = Transform( 0.993605, -0.112212, 0.0125381, 0.108934, 0.923471, -0.367879, 0.0297018, 0.366892, 0.929789, 0.00477743, 2.49471, -9.40255e-06 )

[node name="mixamorigRightHandIndex3" parent="Armature001/mixamorigHips/mixamorigSpine/mixamorigSpine1/mixamorigSpine2/mixamorigRightShoulder/mixamorigRightArm/mixamorigRightForeArm/mixamorigRightHand/mixamorigRightHandIndex1/mixamorigRightHandIndex2" index="0"]
transform = Transform( 0.999989, 0.00461371, -0.000272026, -0.00461371, 0.999989, 3.15292e-06, 0.000272038, -1.89783e-06, 1, 0.00234842, 2.46475, -1.67041e-05 )

[node name="mixamorigRightHandIndex4" parent="Armature001/mixamorigHips/mixamorigSpine/mixamorigSpine1/mixamorigSpine2/mixamorigRightShoulder/mixamorigRightArm/mixamorigRightForeArm/mixamorigRightHand/mixamorigRightHandIndex1/mixamorigRightHandIndex2/mixamorigRightHandIndex3" index="0"]
transform = Transform( 1, 1.95578e-08, 1.95578e-08, -1.95578e-08, 1, 4.65661e-10, -1.95578e-08, -4.65662e-10, 1, -0.00713444, 1.95055, -4.85778e-06 )

[node name="mixamorigRightHandMiddle1" parent="Armature001/mixamorigHips/mixamorigSpine/mixamorigSpine1/mixamorigSpine2/mixamorigRightShoulder/mixamorigRightArm/mixamorigRightForeArm/mixamorigRightHand" index="2"]
transform = Transform( 0.968681, 0.0248603, 0.247062, 0.0823182, 0.906559, -0.413975, -0.234268, 0.421347, 0.87612, 0.952104, 9.73203, -0.157317 )

[node name="mixamorigRightHandMiddle2" parent="Armature001/mixamorigHips/mixamorigSpine/mixamorigSpine1/mixamorigSpine2/mixamorigRightShoulder/mixamorigRightArm/mixamorigRightForeArm/mixamorigRightHand/mixamorigRightHandMiddle1" index="0"]
transform = Transform( 0.991502, -0.119522, -0.0513617, 0.0760487, 0.852854, -0.516581, 0.105547, 0.508285, 0.854696, 0.000869751, 2.98896, 1.01215e-05 )

[node name="mixamorigRightHandMiddle3" parent="Armature001/mixamorigHips/mixamorigSpine/mixamorigSpine1/mixamorigSpine2/mixamorigRightShoulder/mixamorigRightArm/mixamorigRightForeArm/mixamorigRightHand/mixamorigRightHandMiddle1/mixamorigRightHandMiddle2" index="0"]
transform = Transform( 1, -9.44004e-05, 1.34371e-07, 9.44005e-05, 1, -2.47825e-06, -1.34137e-07, 2.47826e-06, 1, -0.000613689, 2.86022, 1.87378e-05 )

[node name="mixamorigRightHandMiddle4" parent="Armature001/mixamorigHips/mixamorigSpine/mixamorigSpine1/mixamorigSpine2/mixamorigRightShoulder/mixamorigRightArm/mixamorigRightForeArm/mixamorigRightHand/mixamorigRightHandMiddle1/mixamorigRightHandMiddle2/mixamorigRightHandMiddle3" index="0"]
transform = Transform( 1, -5.09899e-08, -2.77069e-08, 5.09899e-08, 1, 1.39698e-09, 2.77068e-08, -1.39698e-09, 1, -0.000255108, 2.59539, 4.73857e-06 )

[node name="mixamorigRightHandRing1" parent="Armature001/mixamorigHips/mixamorigSpine/mixamorigSpine1/mixamorigSpine2/mixamorigRightShoulder/mixamorigRightArm/mixamorigRightForeArm/mixamorigRightHand" index="3"]
transform = Transform( 0.982326, 0.0711627, 0.173125, 0.0471171, 0.80112, -0.596647, -0.181152, 0.594259, 0.783608, -1.03931, 9.87612, -0.0494283 )

[node name="mixamorigRightHandRing2" parent="Armature001/mixamorigHips/mixamorigSpine/mixamorigSpine1/mixamorigSpine2/mixamorigRightShoulder/mixamorigRightArm/mixamorigRightForeArm/mixamorigRightHand/mixamorigRightHandRing1" index="0"]
transform = Transform( 0.998611, -0.0354032, -0.0390278, 0.00288533, 0.776291, -0.630367, 0.0526139, 0.629379, 0.775315, 0.00150925, 2.53491, 6.28372e-06 )

[node name="mixamorigRightHandRing3" parent="Armature001/mixamorigHips/mixamorigSpine/mixamorigSpine1/mixamorigSpine2/mixamorigRightShoulder/mixamorigRightArm/mixamorigRightForeArm/mixamorigRightHand/mixamorigRightHandRing1/mixamorigRightHandRing2" index="0"]
transform = Transform( 1, -0.000805465, 1.08566e-05, 0.000805465, 1, -2.47112e-06, -1.08546e-05, 2.47986e-06, 1, -0.00170833, 2.40727, 9.83744e-06 )

[node name="mixamorigRightHandRing4" parent="Armature001/mixamorigHips/mixamorigSpine/mixamorigSpine1/mixamorigSpine2/mixamorigRightShoulder/mixamorigRightArm/mixamorigRightForeArm/mixamorigRightHand/mixamorigRightHandRing1/mixamorigRightHandRing2/mixamorigRightHandRing3" index="0"]
transform = Transform( 1, -3.86499e-08, 7.567e-09, 3.86499e-08, 1, 3.71074e-09, -7.567e-09, -3.71074e-09, 1, 0.00017637, 2.01451, -7.44313e-06 )

[node name="mixamorigRightHandPinky1" parent="Armature001/mixamorigHips/mixamorigSpine/mixamorigSpine1/mixamorigSpine2/mixamorigRightShoulder/mixamorigRightArm/mixamorigRightForeArm/mixamorigRightHand" index="4"]
transform = Transform( 0.975501, 0.0819794, 0.20415, 0.0678719, 0.770558, -0.633746, -0.209263, 0.632076, 0.746116, -2.9806, 8.70156, 0.103229 )

[node name="mixamorigRightHandPinky2" parent="Armature001/mixamorigHips/mixamorigSpine/mixamorigSpine1/mixamorigSpine2/mixamorigRightShoulder/mixamorigRightArm/mixamorigRightForeArm/mixamorigRightHand/mixamorigRightHandPinky1" index="0"]
transform = Transform( 0.991618, 0.00879224, -0.128901, -0.0982162, 0.699499, -0.707852, 0.0839426, 0.714579, 0.6945, -0.0020003, 2.12276, -1.67028e-05 )

[node name="mixamorigRightHandPinky3" parent="Armature001/mixamorigHips/mixamorigSpine/mixamorigSpine1/mixamorigSpine2/mixamorigRightShoulder/mixamorigRightArm/mixamorigRightForeArm/mixamorigRightHand/mixamorigRightHandPinky1/mixamorigRightHandPinky2" index="0"]
transform = Transform( 1, -0.00085305, -4.44634e-05, 0.00085305, 1, -1.86628e-07, 4.44636e-05, 1.48699e-07, 1, 0.000365347, 1.77813, 1.32744e-07 )

[node name="mixamorigRightHandPinky4" parent="Armature001/mixamorigHips/mixamorigSpine/mixamorigSpine1/mixamorigSpine2/mixamorigRightShoulder/mixamorigRightArm/mixamorigRightForeArm/mixamorigRightHand/mixamorigRightHandPinky1/mixamorigRightHandPinky2/mixamorigRightHandPinky3" index="0"]
transform = Transform( 1, 1.15251e-08, -2.79397e-09, -1.15251e-08, 1, -1.234e-08, 2.79397e-09, 1.234e-08, 1, 0.00166482, 1.57698, 1.46478e-05 )

[node name="mixamorigLeftUpLeg" parent="Armature001/mixamorigHips" index="1"]
transform = Transform( -0.980045, 0.197454, -0.0228364, -0.194779, -0.931099, 0.308399, 0.0396327, 0.306702, 0.950954, 9.6987, -5.86792, 0.0415254 )

[node name="mixamorigLeftLeg" parent="Armature001/mixamorigHips/mixamorigLeftUpLeg" index="0"]
transform = Transform( 0.99839, -0.0534653, -0.0189394, 0.0438087, 0.514765, 0.856211, -0.0360282, -0.855662, 0.516279, -1.54975e-06, 44.5799, -4.0578e-06 )

[node name="mixamorigLeftFoot" parent="Armature001/mixamorigHips/mixamorigLeftUpLeg/mixamorigLeftLeg" index="0"]
transform = Transform( 0.964725, -0.0535559, -0.257755, -0.235281, 0.263848, -0.935429, 0.118106, 0.963077, 0.24194, -1.30954e-06, 47.9558, -1.65693e-06 )

[node name="mixamorigLeftToeBase" parent="Armature001/mixamorigHips/mixamorigLeftUpLeg/mixamorigLeftLeg/mixamorigLeftFoot" index="0"]
transform = Transform( 0.996886, -0.0534433, -0.0579825, -3.12924e-07, 0.7353, -0.677742, 0.0788552, 0.675631, 0.73301, -5.96046e-07, 18.5652, 8.9407e-08 )

[node name="mixamorigLeftToe_End" parent="Armature001/mixamorigHips/mixamorigLeftUpLeg/mixamorigLeftLeg/mixamorigLeftFoot/mixamorigLeftToeBase" index="0"]
transform = Transform( 1, 6.09288e-08, -2.61702e-07, -6.09289e-08, 1, -2.15252e-07, 2.61702e-07, 2.15252e-07, 1, 5.20796e-06, 6.65044, 7.74861e-07 )

[node name="mixamorigRightUpLeg" parent="Armature001/mixamorigHips" index="2"]
transform = Transform( -0.957608, -0.232274, -0.170437, 0.179846, -0.94412, 0.276223, -0.225065, 0.23385, 0.945903, -9.6987, -5.8679, -0.904346 )

[node name="mixamorigRightLeg" parent="Armature001/mixamorigHips/mixamorigRightUpLeg" index="0"]
transform = Transform( 0.998185, 0.0527768, 0.0290074, -0.0517251, 0.504641, 0.861778, 0.0308436, -0.861715, 0.506455, -4.02593e-07, 44.4772, -1.8662e-07 )

[node name="mixamorigRightFoot" parent="Armature001/mixamorigHips/mixamorigRightUpLeg/mixamorigRightLeg" index="0"]
transform = Transform( 0.948765, 0.133408, 0.28644, 0.253051, 0.222099, -0.941614, -0.189237, 0.965854, 0.17696, -1.12944e-06, 47.9871, -4.48265e-07 )

[node name="mixamorigRightToeBase" parent="Armature001/mixamorigHips/mixamorigRightUpLeg/mixamorigRightLeg/mixamorigRightFoot" index="0"]
transform = Transform( 0.996989, 0.0516028, 0.0578756, 1.33179e-06, 0.746386, -0.665513, -0.0775399, 0.663509, 0.744139, -2.59204e-07, 18.8936, 1.29534e-06 )

[node name="mixamorigRightToe_End" parent="Armature001/mixamorigHips/mixamorigRightUpLeg/mixamorigRightLeg/mixamorigRightFoot/mixamorigRightToeBase" index="0"]
transform = Transform( 1, 2.20169e-08, -1.23819e-06, -2.20172e-08, 1, -2.52156e-07, 1.23819e-06, 2.52156e-07, 1, -1.00955e-06, 6.93594, -3.12924e-07 )

[node name="mixamorigHips 2" parent="Armature002" index="0"]
transform = Transform( 0.981075, 0.0969136, 0.167627, -0.168949, 0.00553411, 0.985609, 0.0945913, -0.995277, 0.0218028, -0.845228, 1.10348, -112.499 )

[node name="mixamorigSpine 2" parent="Armature002/mixamorigHips 2" index="0"]
transform = Transform( 0.999996, 0.00219451, 0.0019819, -0.00238105, 0.995022, 0.0996271, -0.0017534, -0.0996314, 0.995023, 0, 10.5695, -1.04292 )

[node name="mixamorigSpine1 2" parent="Armature002/mixamorigHips 2/mixamorigSpine 2" index="0"]
transform = Transform( 0.999781, -0.0202017, -0.00550641, 0.0201006, 0.999639, -0.0178363, 0.00586474, 0.0177217, 0.999826, 9.53674e-07, 12.391, 2.38417e-07 )

[node name="mixamorigSpine2 2" parent="Armature002/mixamorigHips 2/mixamorigSpine 2/mixamorigSpine1 2" index="0"]
transform = Transform( 0.99978, -0.020159, -0.00578203, 0.0200542, 0.999643, -0.0176525, 0.00613583, 0.0175327, 0.999827, -2.08077e-12, 14.1611, -4.76837e-07 )

[node name="mixamorigNeck 2" parent="Armature002/mixamorigHips 2/mixamorigSpine 2/mixamorigSpine1 2/mixamorigSpine2 2" index="0"]
transform = Transform( 0.999727, -0.0153355, -0.0176497, 0.0138144, 0.996429, -0.083293, 0.0188641, 0.0830264, 0.996369, -2.83221e-12, 15.9313, 1.91196e-06 )

[node name="mixamorigHead 2" parent="Armature002/mixamorigHips 2/mixamorigSpine 2/mixamorigSpine1 2/mixamorigSpine2 2/mixamorigNeck 2" index="0"]
transform = Transform( 0.997313, -0.0101039, -0.0725579, 0.0181761, 0.993602, 0.11147, 0.0709674, -0.112489, 0.991115, 2.38411e-07, 5.93646, 1.44503 )

[node name="mixamorigHeadTop_End 2" parent="Armature002/mixamorigHips 2/mixamorigSpine 2/mixamorigSpine1 2/mixamorigSpine2 2/mixamorigNeck 2/mixamorigHead 2" index="0"]
transform = Transform( 1, 1.16415e-09, 0, -1.16415e-09, 1, -2.29579e-08, -2.67265e-17, 2.29579e-08, 1, -3.57628e-07, 20.1808, 4.91234 )

[node name="mixamorigLeftShoulder 2" parent="Armature002/mixamorigHips 2/mixamorigSpine 2/mixamorigSpine1 2/mixamorigSpine2 2" index="1"]
transform = Transform( 0.0431231, 0.904899, -0.423436, 0.0436127, -0.425131, -0.90408, -0.998117, 0.0205197, -0.0577983, 6.50994, 14.3831, -0.209679 )

[node name="mixamorigLeftArm 2" parent="Armature002/mixamorigHips 2/mixamorigSpine 2/mixamorigSpine1 2/mixamorigSpine2 2/mixamorigLeftShoulder 2" index="0"]
transform = Transform( 0.988506, -0.150611, 0.013119, 0.0996973, 0.584181, -0.805477, 0.11365, 0.797527, 0.592482, -3.90931e-07, 13.4562, -2.72434e-05 )

[node name="mixamorigLeftForeArm 2" parent="Armature002/mixamorigHips 2/mixamorigSpine 2/mixamorigSpine1 2/mixamorigSpine2 2/mixamorigLeftShoulder 2/mixamorigLeftArm 2" index="0"]
transform = Transform( 0.919016, -0.393902, -0.0157842, 0.392667, 0.918214, -0.0519067, 0.0349394, 0.0415052, 0.998527, 7.15256e-07, 17.7772, -2.17557e-06 )

[node name="mixamorigLeftHand 2" parent="Armature002/mixamorigHips 2/mixamorigSpine 2/mixamorigSpine1 2/mixamorigSpine2 2/mixamorigLeftShoulder 2/mixamorigLeftArm 2/mixamorigLeftForeArm 2" index="0"]
transform = Transform( 0.888023, -0.272618, 0.370262, 0.211048, 0.957102, 0.198529, -0.408502, -0.0981556, 0.907465, 2.6226e-06, 29.8993, 4.60818e-06 )

[node name="mixamorigLeftHandThumb1 2" parent="Armature002/mixamorigHips 2/mixamorigSpine 2/mixamorigSpine1 2/mixamorigSpine2 2/mixamorigLeftShoulder 2/mixamorigLeftArm 2/mixamorigLeftForeArm 2/mixamorigLeftHand 2" index="0"]
transform = Transform( 0.8971, -0.392679, 0.202522, 0.436467, 0.85882, -0.268188, -0.0686182, 0.328986, 0.941839, -2.62199, 2.96904, 1.13148 )

[node name="mixamorigLeftHandThumb2 2" parent="Armature002/mixamorigHips 2/mixamorigSpine 2/mixamorigSpine1 2/mixamorigSpine2 2/mixamorigLeftShoulder 2/mixamorigLeftArm 2/mixamorigLeftForeArm 2/mixamorigLeftHand 2/mixamorigLeftHandThumb1 2" index="0"]
transform = Transform( 0.99958, 0.0288477, -0.00283746, -0.0288984, 0.999385, -0.0198368, 0.00226347, 0.0199104, 0.999799, -0.361469, 3.27571, 3.15358e-06 )

[node name="mixamorigLeftHandThumb3 2" parent="Armature002/mixamorigHips 2/mixamorigSpine 2/mixamorigSpine1 2/mixamorigSpine2 2/mixamorigLeftShoulder 2/mixamorigLeftArm 2/mixamorigLeftForeArm 2/mixamorigLeftHand 2/mixamorigLeftHandThumb1 2/mixamorigLeftHandThumb2 2" index="0"]
transform = Transform( 0.996405, -0.0847002, -0.00187279, 0.084702, 0.995473, 0.0431061, -0.00178678, -0.0431098, 0.999069, 0.0478268, 2.9619, -1.52769e-05 )

[node name="mixamorigLeftHandThumb4 2" parent="Armature002/mixamorigHips 2/mixamorigSpine 2/mixamorigSpine1 2/mixamorigSpine2 2/mixamorigLeftShoulder 2/mixamorigLeftArm 2/mixamorigLeftForeArm 2/mixamorigLeftHand 2/mixamorigLeftHandThumb1 2/mixamorigLeftHandThumb2 2/mixamorigLeftHandThumb3 2" index="0"]
transform = Transform( 1, -4.65661e-09, -5.21541e-08, 4.65661e-09, 1, 1.49012e-08, 5.21541e-08, -1.49012e-08, 1, 0.313632, 2.35923, -1.07288e-05 )

[node name="mixamorigLeftHandIndex1 2" parent="Armature002/mixamorigHips 2/mixamorigSpine 2/mixamorigSpine1 2/mixamorigSpine2 2/mixamorigLeftShoulder 2/mixamorigLeftArm 2/mixamorigLeftForeArm 2/mixamorigLeftHand 2" index="1"]
transform = Transform( 0.995037, -0.0994495, -0.00328524, 0.0994878, 0.994927, 0.0149126, 0.00178552, -0.0151654, 0.999883, -3.11489, 9.82609, 0.12137 )

[node name="mixamorigLeftHandIndex2 2" parent="Armature002/mixamorigHips 2/mixamorigSpine 2/mixamorigSpine1 2/mixamorigSpine2 2/mixamorigLeftShoulder 2/mixamorigLeftArm 2/mixamorigLeftForeArm 2/mixamorigLeftHand 2/mixamorigLeftHandIndex1 2" index="0"]
transform = Transform( 1, 0.0006979, 1.88634e-06, -0.0006979, 1, -4.62194e-06, -1.88956e-06, 4.62062e-06, 1, 0.000678539, 2.50763, -1.00155e-05 )

[node name="mixamorigLeftHandIndex3 2" parent="Armature002/mixamorigHips 2/mixamorigSpine 2/mixamorigSpine1 2/mixamorigSpine2 2/mixamorigLeftShoulder 2/mixamorigLeftArm 2/mixamorigLeftForeArm 2/mixamorigLeftHand 2/mixamorigLeftHandIndex1 2/mixamorigLeftHandIndex2 2" index="0"]
transform = Transform( 1, -0.000559414, -7.47112e-07, 0.000559414, 1, 2.95619e-06, 7.45458e-07, -2.95661e-06, 1, -0.00100613, 2.39218, -2.08337e-05 )

[node name="mixamorigLeftHandIndex4 2" parent="Armature002/mixamorigHips 2/mixamorigSpine 2/mixamorigSpine1 2/mixamorigSpine2 2/mixamorigLeftShoulder 2/mixamorigLeftArm 2/mixamorigLeftForeArm 2/mixamorigLeftHand 2/mixamorigLeftHandIndex1 2/mixamorigLeftHandIndex2 2/mixamorigLeftHandIndex3 2" index="0"]
transform = Transform( 1, -2.6077e-08, -9.31323e-10, 2.6077e-08, 1, 1.21072e-08, 9.31322e-10, -1.21072e-08, 1, 0.000335693, 2.12988, 5.30482e-06 )

[node name="mixamorigLeftHandMiddle1 2" parent="Armature002/mixamorigHips 2/mixamorigSpine 2/mixamorigSpine1 2/mixamorigSpine2 2/mixamorigLeftShoulder 2/mixamorigLeftArm 2/mixamorigLeftForeArm 2/mixamorigLeftHand 2" index="2"]
transform = Transform( 0.995021, -0.0996664, -0.000920746, 0.0996687, 0.994901, 0.0154275, -0.000621555, -0.0154425, 0.99988, -0.979308, 9.82501, -0.149676 )

[node name="mixamorigLeftHandMiddle2 2" parent="Armature002/mixamorigHips 2/mixamorigSpine 2/mixamorigSpine1 2/mixamorigSpine2 2/mixamorigLeftShoulder 2/mixamorigLeftArm 2/mixamorigLeftForeArm 2/mixamorigLeftHand 2/mixamorigLeftHandMiddle1 2" index="0"]
transform = Transform( 0.999999, -0.00101855, 3.32351e-05, 0.00101856, 0.999999, -0.000279162, -3.29507e-05, 0.000279196, 1, 0.00144482, 3.00288, -1.2579e-05 )

[node name="mixamorigLeftHandMiddle3 2" parent="Armature002/mixamorigHips 2/mixamorigSpine 2/mixamorigSpine1 2/mixamorigSpine2 2/mixamorigLeftShoulder 2/mixamorigLeftArm 2/mixamorigLeftForeArm 2/mixamorigLeftHand 2/mixamorigLeftHandMiddle1 2/mixamorigLeftHandMiddle2 2" index="0"]
transform = Transform( 0.999993, 0.00381003, 4.78761e-05, -0.00381003, 0.999993, -3.03377e-06, -4.78873e-05, 2.85134e-06, 1, 0.00434828, 2.83673, 1.88824e-06 )

[node name="mixamorigLeftHandMiddle4 2" parent="Armature002/mixamorigHips 2/mixamorigSpine 2/mixamorigSpine1 2/mixamorigSpine2 2/mixamorigLeftShoulder 2/mixamorigLeftArm 2/mixamorigLeftForeArm 2/mixamorigLeftHand 2/mixamorigLeftHandMiddle1 2/mixamorigLeftHandMiddle2 2/mixamorigLeftHandMiddle3 2" index="0"]
transform = Transform( 1, 1.17579e-08, 1.33179e-07, -1.1758e-08, 1, 3.25963e-09, -1.33179e-07, -3.25963e-09, 1, -0.00579643, 2.52802, 2.43485e-05 )

[node name="mixamorigLeftHandRing1 2" parent="Armature002/mixamorigHips 2/mixamorigSpine 2/mixamorigSpine1 2/mixamorigSpine2 2/mixamorigLeftShoulder 2/mixamorigLeftArm 2/mixamorigLeftForeArm 2/mixamorigLeftHand 2" index="3"]
transform = Transform( 0.995144, -0.0984256, -0.000524267, 0.0984222, 0.995029, 0.0151879, -0.000973214, -0.0151657, 0.999885, 0.992842, 9.58119, -0.17323 )

[node name="mixamorigLeftHandRing2 2" parent="Armature002/mixamorigHips 2/mixamorigSpine 2/mixamorigSpine1 2/mixamorigSpine2 2/mixamorigLeftShoulder 2/mixamorigLeftArm 2/mixamorigLeftForeArm 2/mixamorigLeftHand 2/mixamorigLeftHandRing1 2" index="0"]
transform = Transform( 1, -0.000263091, -5.61115e-06, 0.000263091, 1, -1.86057e-06, 5.61164e-06, 1.8591e-06, 1, -0.00198185, 2.67011, -1.71347e-05 )

[node name="mixamorigLeftHandRing3 2" parent="Armature002/mixamorigHips 2/mixamorigSpine 2/mixamorigSpine1 2/mixamorigSpine2 2/mixamorigLeftShoulder 2/mixamorigLeftArm 2/mixamorigLeftForeArm 2/mixamorigLeftHand 2/mixamorigLeftHandRing1 2/mixamorigLeftHandRing2 2" index="0"]
transform = Transform( 0.999998, -0.00190416, 2.87867e-05, 0.00190416, 0.999998, -1.52434e-06, -2.87837e-05, 1.57915e-06, 1, -0.00115955, 2.47189, 6.91762e-06 )

[node name="mixamorigLeftHandRing4 2" parent="Armature002/mixamorigHips 2/mixamorigSpine 2/mixamorigSpine1 2/mixamorigSpine2 2/mixamorigLeftShoulder 2/mixamorigLeftArm 2/mixamorigLeftForeArm 2/mixamorigLeftHand 2/mixamorigLeftHandRing1 2/mixamorigLeftHandRing2 2/mixamorigLeftHandRing3 2" index="0"]
transform = Transform( 1, -3.67872e-08, -2.02563e-08, 3.67872e-08, 1, -2.10712e-08, 2.02563e-08, 2.10712e-08, 1, 0.00314784, 2.18526, -1.93119e-05 )

[node name="mixamorigLeftHandPinky1 2" parent="Armature002/mixamorigHips 2/mixamorigSpine 2/mixamorigSpine1 2/mixamorigSpine2 2/mixamorigLeftShoulder 2/mixamorigLeftArm 2/mixamorigLeftForeArm 2/mixamorigLeftHand 2" index="4"]
transform = Transform( 0.999555, -0.0298256, 0.000133448, 0.0298143, 0.999282, 0.0233899, -0.00083097, -0.0233755, 0.999726, 3.10135, 9.13015, 0.189403 )

[node name="mixamorigLeftHandPinky2 2" parent="Armature002/mixamorigHips 2/mixamorigSpine 2/mixamorigSpine1 2/mixamorigSpine2 2/mixamorigLeftShoulder 2/mixamorigLeftArm 2/mixamorigLeftForeArm 2/mixamorigLeftHand 2/mixamorigLeftHandPinky1 2" index="0"]
transform = Transform( 0.997469, -0.0711022, 0.00029273, 0.0711022, 0.997436, -0.00810144, 0.00028405, 0.00810175, 0.999967, 0.00269467, 2.00134, 2.64814e-06 )

[node name="mixamorigLeftHandPinky3 2" parent="Armature002/mixamorigHips 2/mixamorigSpine 2/mixamorigSpine1 2/mixamorigSpine2 2/mixamorigLeftShoulder 2/mixamorigLeftArm 2/mixamorigLeftForeArm 2/mixamorigLeftHand 2/mixamorigLeftHandPinky1 2/mixamorigLeftHandPinky2 2" index="0"]
transform = Transform( 0.999986, 0.00536189, 0.00016867, -0.00536189, 0.999985, 2.85553e-07, -0.000168666, -1.18994e-06, 1, 0.00268525, 1.63096, 9.77792e-07 )

[node name="mixamorigLeftHandPinky4 2" parent="Armature002/mixamorigHips 2/mixamorigSpine 2/mixamorigSpine1 2/mixamorigSpine2 2/mixamorigLeftShoulder 2/mixamorigLeftArm 2/mixamorigLeftForeArm 2/mixamorigLeftHand 2/mixamorigLeftHandPinky1 2/mixamorigLeftHandPinky2 2/mixamorigLeftHandPinky3 2" index="0"]
transform = Transform( 1, -4.42378e-08, 2.40281e-07, 4.42378e-08, 1, 2.42144e-08, -2.40281e-07, -2.42144e-08, 1, -0.00538659, 1.45678, 2.64497e-07 )

[node name="mixamorigRightShoulder 2" parent="Armature002/mixamorigHips 2/mixamorigSpine 2/mixamorigSpine1 2/mixamorigSpine2 2" index="2"]
transform = Transform( -0.124054, -0.897279, 0.423675, -0.0128817, -0.425481, -0.904876, 0.992192, -0.117711, 0.041224, -6.50995, 14.372, -0.0969448 )

[node name="mixamorigRightArm 2" parent="Armature002/mixamorigHips 2/mixamorigSpine 2/mixamorigSpine1 2/mixamorigSpine2 2/mixamorigRightShoulder 2" index="0"]
transform = Transform( 0.896403, -0.00505686, 0.443212, 0.322754, 0.692799, -0.644872, -0.303795, 0.721113, 0.622659, -1.86965e-06, 13.4562, 5.33571e-06 )

[node name="mixamorigRightForeArm 2" parent="Armature002/mixamorigHips 2/mixamorigSpine 2/mixamorigSpine1 2/mixamorigSpine2 2/mixamorigRightShoulder 2/mixamorigRightArm 2" index="0"]
transform = Transform( 0.99767, 0.0613142, 0.0299254, -0.0611077, 0.998101, -0.00776864, -0.0303449, 0.00592187, 0.999522, 9.6394e-06, 17.7774, -3.27535e-06 )

[node name="mixamorigRightHand 2" parent="Armature002/mixamorigHips 2/mixamorigSpine 2/mixamorigSpine1 2/mixamorigSpine2 2/mixamorigRightShoulder 2/mixamorigRightArm 2/mixamorigRightForeArm 2" index="0"]
transform = Transform( 0.541516, 0.447259, -0.711842, 0.0915955, 0.810306, 0.578804, 0.835686, -0.378633, 0.397826, -1.57323e-06, 29.9619, -3.02189e-06 )

[node name="mixamorigRightHandThumb1 2" parent="Armature002/mixamorigHips 2/mixamorigSpine 2/mixamorigSpine1 2/mixamorigSpine2 2/mixamorigRightShoulder 2/mixamorigRightArm 2/mixamorigRightForeArm 2/mixamorigRightHand 2" index="0"]
transform = Transform( 0.892765, 0.402048, -0.203291, -0.445366, 0.855663, -0.263609, 0.0679649, 0.32588, 0.942965, 2.62554, 3.00246, 1.12599 )

[node name="mixamorigRightHandThumb2 2" parent="Armature002/mixamorigHips 2/mixamorigSpine 2/mixamorigSpine1 2/mixamorigSpine2 2/mixamorigRightShoulder 2/mixamorigRightArm 2/mixamorigRightForeArm 2/mixamorigRightHand 2/mixamorigRightHandThumb1 2" index="0"]
transform = Transform( 0.998182, -0.0602719, 0.00100127, 0.060274, 0.997703, -0.0309262, 0.000865016, 0.0309303, 0.999521, 0.317737, 3.30027, -7.06921e-06 )

[node name="mixamorigRightHandThumb3 2" parent="Armature002/mixamorigHips 2/mixamorigSpine 2/mixamorigSpine1 2/mixamorigSpine2 2/mixamorigRightShoulder 2/mixamorigRightArm 2/mixamorigRightForeArm 2/mixamorigRightHand 2/mixamorigRightHandThumb1 2/mixamorigRightHandThumb2 2" index="0"]
transform = Transform( 0.994164, 0.107871, 0.00103936, -0.107816, 0.993248, 0.0428293, 0.00358769, -0.0426914, 0.999082, -0.0369554, 2.95357, -1.91331e-05 )

[node name="mixamorigRightHandThumb4 2" parent="Armature002/mixamorigHips 2/mixamorigSpine 2/mixamorigSpine1 2/mixamorigSpine2 2/mixamorigRightShoulder 2/mixamorigRightArm 2/mixamorigRightForeArm 2/mixamorigRightHand 2/mixamorigRightHandThumb1 2/mixamorigRightHandThumb2 2/mixamorigRightHandThumb3 2" index="0"]
transform = Transform( 1, 7.26432e-08, -2.6077e-08, -7.26432e-08, 1, -2.23517e-08, 2.6077e-08, 2.23517e-08, 1, -0.280786, 2.36172, 2.02656e-06 )

[node name="mixamorigRightHandIndex1 2" parent="Armature002/mixamorigHips 2/mixamorigSpine 2/mixamorigSpine1 2/mixamorigSpine2 2/mixamorigRightShoulder 2/mixamorigRightArm 2/mixamorigRightForeArm 2/mixamorigRightHand 2" index="1"]
transform = Transform( 0.995431, 0.0954704, 0.00178312, -0.0954868, 0.995298, 0.0162358, -0.000224696, -0.0163319, 0.999867, 3.0678, 9.75204, 0.178034 )

[node name="mixamorigRightHandIndex2 2" parent="Armature002/mixamorigHips 2/mixamorigSpine 2/mixamorigSpine1 2/mixamorigSpine2 2/mixamorigRightShoulder 2/mixamorigRightArm 2/mixamorigRightForeArm 2/mixamorigRightHand 2/mixamorigRightHandIndex1 2" index="0"]
transform = Transform( 0.999999, 0.000949869, -1.71627e-05, -0.000949869, 0.999999, -4.3886e-06, 1.71585e-05, 4.4049e-06, 1, 0.00477743, 2.49472, -1.79635e-06 )

[node name="mixamorigRightHandIndex3 2" parent="Armature002/mixamorigHips 2/mixamorigSpine 2/mixamorigSpine1 2/mixamorigSpine2 2/mixamorigRightShoulder 2/mixamorigRightArm 2/mixamorigRightForeArm 2/mixamorigRightHand 2/mixamorigRightHandIndex1 2/mixamorigRightHandIndex2 2" index="0"]
transform = Transform( 0.999989, 0.00461424, -0.00027204, -0.00461424, 0.999989, 3.07851e-06, 0.000272052, -1.82322e-06, 1, 0.00236177, 2.46476, -1.14281e-05 )

[node name="mixamorigRightHandIndex4 2" parent="Armature002/mixamorigHips 2/mixamorigSpine 2/mixamorigSpine1 2/mixamorigSpine2 2/mixamorigRightShoulder 2/mixamorigRightArm 2/mixamorigRightForeArm 2/mixamorigRightHand 2/mixamorigRightHandIndex1 2/mixamorigRightHandIndex2 2/mixamorigRightHandIndex3 2" index="0"]
transform = Transform( 1, 1.21072e-08, 4.65661e-09, -1.21072e-08, 1, -6.98492e-09, -4.65661e-09, 6.98492e-09, 1, -0.00713062, 1.95056, -8.67248e-06 )

[node name="mixamorigRightHandMiddle1 2" parent="Armature002/mixamorigHips 2/mixamorigSpine 2/mixamorigSpine1 2/mixamorigSpine2 2/mixamorigRightShoulder 2/mixamorigRightArm 2/mixamorigRightForeArm 2/mixamorigRightHand 2" index="2"]
transform = Transform( 0.995276, 0.0970864, 0.000619398, -0.0970835, 0.995142, 0.0163477, 0.000970747, -0.0163306, 0.999866, 0.952104, 9.73203, -0.157325 )

