[gd_scene load_steps=3 format=2]

[ext_resource path="res://Assets/Modelos/Animaciones/Boss/walk.gltf" type="PackedScene" id=1]
[ext_resource path="res://Scripts/replay_anim.gd" type="Script" id=2]

[node name="walk" instance=ExtResource( 1 )]

[node name="mixamorigHips" parent="Armature" index="0"]
transform = Transform( 0.984581, 0.0841624, -0.153352, 0.171621, -0.295042, 0.939945, 0.0338627, -0.951771, -0.304937, 19.6011, -2.91152, -99.4222 )

[node name="mixamorigSpine" parent="Armature/mixamorigHips" index="0"]
transform = Transform( 0.997338, -0.0729176, -0.000384448, 0.0676643, 0.927425, -0.367837, 0.0271783, 0.366832, 0.92989, 7.13851e-07, 10.5695, -1.04293 )

[node name="mixamorigSpine1" parent="Armature/mixamorigHips/mixamorigSpine" index="0"]
transform = Transform( 0.999652, 0.0262191, 0.00279366, -0.025514, 0.988587, -0.148471, -0.00665456, 0.148348, 0.988913, -4.26822e-12, 12.391, 1.79861e-07 )

[node name="mixamorigSpine2" parent="Armature/mixamorigHips/mixamorigSpine/mixamorigSpine1" index="0"]
transform = Transform( 0.99961, 0.0267075, -0.00817665, -0.027624, 0.988603, -0.147994, 0.00413091, 0.148162, 0.988955, 1.90733e-06, 14.1611, -4.76818e-07 )

[node name="mixamorigNeck" parent="Armature/mixamorigHips/mixamorigSpine/mixamorigSpine1/mixamorigSpine2" index="0"]
transform = Transform( 0.998857, -0.0344584, 0.0331325, 0.0402937, 0.979835, -0.195703, -0.0257208, 0.196814, 0.980103, -1.3106e-06, 15.9313, 2.86103e-06 )

[node name="mixamorigHead" parent="Armature/mixamorigHips/mixamorigSpine/mixamorigSpine1/mixamorigSpine2/mixamorigNeck" index="0"]
transform = Transform( 0.983993, -0.0219206, 0.176854, -0.0180499, 0.975043, 0.221281, -0.177291, -0.220932, 0.95904, 5.96715e-07, 5.93646, 1.44503 )

[node name="mixamorigHeadTop_End" parent="Armature/mixamorigHips/mixamorigSpine/mixamorigSpine1/mixamorigSpine2/mixamorigNeck/mixamorigHead" index="0"]
transform = Transform( 1, -7.51841e-10, -3.00838e-09, 7.51841e-10, 1, -3.48507e-08, 3.00838e-09, 3.48507e-08, 1, -1.04094e-06, 20.1808, 4.91234 )

[node name="mixamorigHeadTop_Hair01" parent="Armature/mixamorigHips/mixamorigSpine/mixamorigSpine1/mixamorigSpine2/mixamorigNeck/mixamorigHead/mixamorigHeadTop_End" index="0"]
transform = Transform( 0.942367, 0.150601, 0.298771, -0.243116, -0.30528, 0.920706, 0.229868, -0.940279, -0.251072, -1.26436e-06, -1.42904, -10.9896 )

[node name="mixamorigHeadTop_Hair02" parent="Armature/mixamorigHips/mixamorigSpine/mixamorigSpine1/mixamorigSpine2/mixamorigNeck/mixamorigHead/mixamorigHeadTop_End/mixamorigHeadTop_Hair01" index="0"]
transform = Transform( 0.966087, -0.25663, 0.0285787, 0.247485, 0.88867, -0.386026, 0.073669, 0.380008, 0.922045, -6.26509e-06, 14.6365, -8.31542e-06 )

[node name="mixamorigHeadTop_Hair03" parent="Armature/mixamorigHips/mixamorigSpine/mixamorigSpine1/mixamorigSpine2/mixamorigNeck/mixamorigHead/mixamorigHeadTop_End/mixamorigHeadTop_Hair01/mixamorigHeadTop_Hair02" index="0"]
transform = Transform( 0.98033, -0.197365, -0.000496431, 0.194914, 0.968543, -0.1547, 0.0310132, 0.15156, 0.987961, -1.0607e-06, 19.3842, 4.42164e-07 )

[node name="mixamorigHeadTop_Hair04" parent="Armature/mixamorigHips/mixamorigSpine/mixamorigSpine1/mixamorigSpine2/mixamorigNeck/mixamorigHead/mixamorigHeadTop_End/mixamorigHeadTop_Hair01/mixamorigHeadTop_Hair02/mixamorigHeadTop_Hair03" index="0"]
transform = Transform( 0.837171, -0.51986, 0.169971, 0.45772, 0.495801, -0.73802, 0.299395, 0.695648, 0.653021, -3.90817e-06, 19.1674, -1.40165e-06 )

[node name="mixamorigLeftShoulder" parent="Armature/mixamorigHips/mixamorigSpine/mixamorigSpine1/mixamorigSpine2" index="1"]
transform = Transform( -0.0912511, 0.805366, -0.585712, 0.029647, -0.585709, -0.809979, -0.995386, -0.091276, 0.0295697, 6.50994, 14.3831, -0.209687 )

[node name="mixamorigLeftArm" parent="Armature/mixamorigHips/mixamorigSpine/mixamorigSpine1/mixamorigSpine2/mixamorigLeftShoulder" index="0"]
transform = Transform( 0.747133, -0.664361, 0.0204283, 0.469383, 0.505603, -0.72391, 0.470609, 0.550445, 0.689592, 1.80194e-06, 13.4562, -1.18581e-05 )

[node name="mixamorigLeftForeArm" parent="Armature/mixamorigHips/mixamorigSpine/mixamorigSpine1/mixamorigSpine2/mixamorigLeftShoulder/mixamorigLeftArm" index="0"]
transform = Transform( -0.179246, -0.975258, 0.129389, 0.9722, -0.195734, -0.128512, 0.150658, 0.102757, 0.983231, 1.51246e-06, 17.7772, -3.89909e-06 )

[node name="mixamorigLeftHand" parent="Armature/mixamorigHips/mixamorigSpine/mixamorigSpine1/mixamorigSpine2/mixamorigLeftShoulder/mixamorigLeftArm/mixamorigLeftForeArm" index="0"]
transform = Transform( 0.908308, -0.416571, 0.0380082, 0.398672, 0.889611, 0.222829, -0.126636, -0.187244, 0.974117, -2.61914e-06, 29.8993, 7.5252e-06 )

[node name="mixamorigLeftHandThumb1" parent="Armature/mixamorigHips/mixamorigSpine/mixamorigSpine1/mixamorigSpine2/mixamorigLeftShoulder/mixamorigLeftArm/mixamorigLeftForeArm/mixamorigLeftHand" index="0"]
transform = Transform( 0.902541, -0.34415, 0.258805, 0.39955, 0.893421, -0.205327, -0.160558, 0.288721, 0.943854, -2.622, 2.96905, 1.13148 )

[node name="mixamorigLeftHandThumb2" parent="Armature/mixamorigHips/mixamorigSpine/mixamorigSpine1/mixamorigSpine2/mixamorigLeftShoulder/mixamorigLeftArm/mixamorigLeftForeArm/mixamorigLeftHand/mixamorigLeftHandThumb1" index="0"]
transform = Transform( 0.992054, -0.125325, -0.011091, 0.125064, 0.99191, -0.0217453, 0.0137265, 0.0201854, 0.999702, -0.361478, 3.27573, 4.68417e-06 )

[node name="mixamorigLeftHandThumb3" parent="Armature/mixamorigHips/mixamorigSpine/mixamorigSpine1/mixamorigSpine2/mixamorigLeftShoulder/mixamorigLeftArm/mixamorigLeftForeArm/mixamorigLeftHand/mixamorigLeftHandThumb1/mixamorigLeftHandThumb2" index="0"]
transform = Transform( 0.970257, -0.241134, -0.0213635, 0.238006, 0.934093, 0.266125, -0.0442163, -0.263295, 0.963702, 0.0478432, 2.9619, -1.17704e-05 )

[node name="mixamorigLeftHandThumb4" parent="Armature/mixamorigHips/mixamorigSpine/mixamorigSpine1/mixamorigSpine2/mixamorigLeftShoulder/mixamorigLeftArm/mixamorigLeftForeArm/mixamorigLeftHand/mixamorigLeftHandThumb1/mixamorigLeftHandThumb2/mixamorigLeftHandThumb3" index="0"]
transform = Transform( 1, 1.02446e-08, -2.30945e-08, -1.02446e-08, 1, 2.13983e-08, 2.30945e-08, -2.13983e-08, 1, 0.313631, 2.35923, 5.99289e-08 )

[node name="mixamorigLeftHandIndex1" parent="Armature/mixamorigHips/mixamorigSpine/mixamorigSpine1/mixamorigSpine2/mixamorigLeftShoulder/mixamorigLeftArm/mixamorigLeftForeArm/mixamorigLeftHand" index="1"]
transform = Transform( 0.993418, -0.0976217, 0.0599209, 0.0849779, 0.97888, 0.185935, -0.0768067, -0.179619, 0.980733, -3.11489, 9.82609, 0.121377 )

[node name="mixamorigLeftHandIndex2" parent="Armature/mixamorigHips/mixamorigSpine/mixamorigSpine1/mixamorigSpine2/mixamorigLeftShoulder/mixamorigLeftArm/mixamorigLeftForeArm/mixamorigLeftHand/mixamorigLeftHandIndex1" index="0"]
transform = Transform( 0.998855, 0.0463531, -0.0118313, -0.0463351, 0.875869, -0.480319, -0.0119017, 0.480318, 0.877014, 0.000680201, 2.50764, -5.03197e-06 )

[node name="mixamorigLeftHandIndex3" parent="Armature/mixamorigHips/mixamorigSpine/mixamorigSpine1/mixamorigSpine2/mixamorigLeftShoulder/mixamorigLeftArm/mixamorigLeftForeArm/mixamorigLeftHand/mixamorigLeftHandIndex1/mixamorigLeftHandIndex2" index="0"]
transform = Transform( 0.998822, 0.0469067, -0.0124575, -0.0468702, 0.865679, -0.498401, -0.0125942, 0.498398, 0.866857, -0.00100493, 2.39218, -2.07881e-05 )

[node name="mixamorigLeftHandIndex4" parent="Armature/mixamorigHips/mixamorigSpine/mixamorigSpine1/mixamorigSpine2/mixamorigLeftShoulder/mixamorigLeftArm/mixamorigLeftForeArm/mixamorigLeftHand/mixamorigLeftHandIndex1/mixamorigLeftHandIndex2/mixamorigLeftHandIndex3" index="0"]
transform = Transform( 1, -2.60769e-08, -1.84637e-09, 2.60769e-08, 1, 1.53967e-08, 1.84637e-09, -1.53967e-08, 1, 0.000328064, 2.12987, 2.4494e-06 )

[node name="mixamorigLeftHandMiddle1" parent="Armature/mixamorigHips/mixamorigSpine/mixamorigSpine1/mixamorigSpine2/mixamorigLeftShoulder/mixamorigLeftArm/mixamorigLeftForeArm/mixamorigLeftHand" index="2"]
transform = Transform( 0.998532, -0.0541135, 0.00216841, 0.054145, 0.998352, -0.0190324, -0.00113493, 0.0191219, 0.999816, -0.979297, 9.825, -0.149684 )

[node name="mixamorigLeftHandMiddle2" parent="Armature/mixamorigHips/mixamorigSpine/mixamorigSpine1/mixamorigSpine2/mixamorigLeftShoulder/mixamorigLeftArm/mixamorigLeftForeArm/mixamorigLeftHand/mixamorigLeftHandMiddle1" index="0"]
transform = Transform( 0.999072, 0.0417266, -0.010674, -0.0419354, 0.885889, -0.461998, -0.00982161, 0.462017, 0.886817, 0.00145364, 3.00285, -1.74172e-05 )

[node name="mixamorigLeftHandMiddle3" parent="Armature/mixamorigHips/mixamorigSpine/mixamorigSpine1/mixamorigSpine2/mixamorigLeftShoulder/mixamorigLeftArm/mixamorigLeftForeArm/mixamorigLeftHand/mixamorigLeftHandMiddle1/mixamorigLeftHandMiddle2" index="0"]
transform = Transform( 0.997558, 0.0653267, -0.0247188, -0.065095, 0.74122, -0.668099, -0.0253226, 0.668076, 0.743662, 0.00433934, 2.83673, -5.91688e-06 )

[node name="mixamorigLeftHandMiddle4" parent="Armature/mixamorigHips/mixamorigSpine/mixamorigSpine1/mixamorigSpine2/mixamorigLeftShoulder/mixamorigLeftArm/mixamorigLeftForeArm/mixamorigLeftHand/mixamorigLeftHandMiddle1/mixamorigLeftHandMiddle2/mixamorigLeftHandMiddle3" index="0"]
transform = Transform( 1, 1.74765e-09, 1.37819e-07, -1.74765e-09, 1, -3.25417e-09, -1.37819e-07, 3.25417e-09, 1, -0.00579929, 2.52802, 9.08982e-06 )

[node name="mixamorigLeftHandRing1" parent="Armature/mixamorigHips/mixamorigSpine/mixamorigSpine1/mixamorigSpine2/mixamorigLeftShoulder/mixamorigLeftArm/mixamorigLeftForeArm/mixamorigLeftHand" index="3"]
transform = Transform( 0.999775, 0.0152482, 0.014762, -0.0097309, 0.947484, -0.319656, -0.0188609, 0.31944, 0.947419, 0.992825, 9.58118, -0.173223 )

[node name="mixamorigLeftHandRing2" parent="Armature/mixamorigHips/mixamorigSpine/mixamorigSpine1/mixamorigSpine2/mixamorigLeftShoulder/mixamorigLeftArm/mixamorigLeftForeArm/mixamorigLeftHand/mixamorigLeftHandRing1" index="0"]
transform = Transform( 0.998822, 0.0468898, -0.0125199, -0.0467203, 0.859146, -0.509593, -0.0131383, 0.509578, 0.860324, -0.00198567, 2.67012, -9.41713e-06 )

[node name="mixamorigLeftHandRing3" parent="Armature/mixamorigHips/mixamorigSpine/mixamorigSpine1/mixamorigSpine2/mixamorigLeftShoulder/mixamorigLeftArm/mixamorigLeftForeArm/mixamorigLeftHand/mixamorigLeftHandRing1/mixamorigLeftHandRing2" index="0"]
transform = Transform( 0.997887, 0.0604592, -0.0238041, -0.0606839, 0.736224, -0.674012, -0.0232251, 0.674032, 0.738337, -0.00116002, 2.47189, -4.1026e-06 )

[node name="mixamorigLeftHandRing4" parent="Armature/mixamorigHips/mixamorigSpine/mixamorigSpine1/mixamorigSpine2/mixamorigLeftShoulder/mixamorigLeftArm/mixamorigLeftForeArm/mixamorigLeftHand/mixamorigLeftHandRing1/mixamorigLeftHandRing2/mixamorigLeftHandRing3" index="0"]
transform = Transform( 1, -4.42524e-09, 1.14773e-09, 4.42524e-09, 1, -1.97913e-08, -1.14773e-09, 1.97913e-08, 1, 0.0031426, 2.18526, -3.17152e-05 )

[node name="mixamorigLeftHandPinky1" parent="Armature/mixamorigHips/mixamorigSpine/mixamorigSpine1/mixamorigSpine2/mixamorigLeftShoulder/mixamorigLeftArm/mixamorigLeftForeArm/mixamorigLeftHand" index="4"]
transform = Transform( 0.949183, 0.205499, -0.238372, -0.296279, 0.838926, -0.456532, 0.106159, 0.503957, 0.85718, 3.10135, 9.13015, 0.189402 )

[node name="mixamorigLeftHandPinky2" parent="Armature/mixamorigHips/mixamorigSpine/mixamorigSpine1/mixamorigSpine2/mixamorigLeftShoulder/mixamorigLeftArm/mixamorigLeftForeArm/mixamorigLeftHand/mixamorigLeftHandPinky1" index="0"]
transform = Transform( 0.995261, 0.0812186, -0.0534769, -0.082927, 0.421663, -0.902952, -0.0507873, 0.903108, 0.4264, 0.00269944, 2.00133, 7.72085e-06 )

[node name="mixamorigLeftHandPinky3" parent="Armature/mixamorigHips/mixamorigSpine/mixamorigSpine1/mixamorigSpine2/mixamorigLeftShoulder/mixamorigLeftArm/mixamorigLeftForeArm/mixamorigLeftHand/mixamorigLeftHandPinky1/mixamorigLeftHandPinky2" index="0"]
transform = Transform( 0.994854, 0.0863794, -0.0529496, -0.0850652, 0.428243, -0.899651, -0.055036, 0.899525, 0.433387, 0.00267762, 1.63096, -5.92594e-06 )

[node name="mixamorigLeftHandPinky4" parent="Armature/mixamorigHips/mixamorigSpine/mixamorigSpine1/mixamorigSpine2/mixamorigLeftShoulder/mixamorigLeftArm/mixamorigLeftForeArm/mixamorigLeftHand/mixamorigLeftHandPinky1/mixamorigLeftHandPinky2/mixamorigLeftHandPinky3" index="0"]
transform = Transform( 1, -5.11143e-09, 2.23986e-07, 5.11143e-09, 1, 9.77066e-09, -2.23986e-07, -9.77066e-09, 1, -0.0053842, 1.45679, -4.47458e-06 )

[node name="mixamorigRightShoulder" parent="Armature/mixamorigHips/mixamorigSpine/mixamorigSpine1/mixamorigSpine2" index="2"]
transform = Transform( 0.193955, -0.733835, 0.651051, 0.0134691, -0.661599, -0.749737, 0.980918, 0.154185, -0.118436, -6.50995, 14.372, -0.096953 )

[node name="mixamorigRightArm" parent="Armature/mixamorigHips/mixamorigSpine/mixamorigSpine1/mixamorigSpine2/mixamorigRightShoulder" index="0"]
transform = Transform( 0.676048, 0.730496, 0.0966177, -0.45641, 0.518069, -0.723391, -0.578489, 0.44495, 0.683645, -2.13088e-06, 13.4562, 1.05076e-05 )

[node name="mixamorigRightForeArm" parent="Armature/mixamorigHips/mixamorigSpine/mixamorigSpine1/mixamorigSpine2/mixamorigRightShoulder/mixamorigRightArm" index="0"]
transform = Transform( -0.176472, 0.977045, -0.119333, -0.973755, -0.190996, -0.123785, -0.143736, 0.0943561, 0.985108, 5.95759e-06, 17.7774, -1.58817e-06 )

[node name="mixamorigRightHand" parent="Armature/mixamorigHips/mixamorigSpine/mixamorigSpine1/mixamorigSpine2/mixamorigRightShoulder/mixamorigRightArm/mixamorigRightForeArm" index="0"]
transform = Transform( 0.900206, 0.334932, -0.278298, -0.332088, 0.941414, 0.0587943, 0.281686, 0.0394925, 0.958693, 1.0825e-05, 29.9619, -1.54139e-07 )

[node name="mixamorigRightHandThumb1" parent="Armature/mixamorigHips/mixamorigSpine/mixamorigSpine1/mixamorigSpine2/mixamorigRightShoulder/mixamorigRightArm/mixamorigRightForeArm/mixamorigRightHand" index="0"]
transform = Transform( 0.86163, 0.424524, -0.278161, -0.477891, 0.863173, -0.162952, 0.170924, 0.273335, 0.946612, 2.62554, 3.00245, 1.12598 )

[node name="mixamorigRightHandThumb2" parent="Armature/mixamorigHips/mixamorigSpine/mixamorigSpine1/mixamorigSpine2/mixamorigRightShoulder/mixamorigRightArm/mixamorigRightForeArm/mixamorigRightHand/mixamorigRightHandThumb1" index="0"]
transform = Transform( 0.993965, 0.108244, 0.0177975, -0.108173, 0.99412, -0.00488721, -0.0182219, 0.0029325, 0.99983, 0.317738, 3.30027, 3.46704e-07 )

[node name="mixamorigRightHandThumb3" parent="Armature/mixamorigHips/mixamorigSpine/mixamorigSpine1/mixamorigSpine2/mixamorigRightShoulder/mixamorigRightArm/mixamorigRightForeArm/mixamorigRightHand/mixamorigRightHandThumb1/mixamorigRightHandThumb2" index="0"]
transform = Transform( 0.981209, -0.171956, -0.0875202, 0.189342, 0.945393, 0.265295, 0.037122, -0.276881, 0.960187, -0.0369478, 2.95358, -1.57844e-06 )

[node name="mixamorigRightHandThumb4" parent="Armature/mixamorigHips/mixamorigSpine/mixamorigSpine1/mixamorigSpine2/mixamorigRightShoulder/mixamorigRightArm/mixamorigRightForeArm/mixamorigRightHand/mixamorigRightHandThumb1/mixamorigRightHandThumb2/mixamorigRightHandThumb3" index="0"]
transform = Transform( 1, 6.46348e-08, 4.84066e-09, -6.46348e-08, 1, -4.00914e-08, -4.84066e-09, 4.00914e-08, 1, -0.280778, 2.36172, 5.40011e-06 )

[node name="mixamorigRightHandIndex1" parent="Armature/mixamorigHips/mixamorigSpine/mixamorigSpine1/mixamorigSpine2/mixamorigRightShoulder/mixamorigRightArm/mixamorigRightForeArm/mixamorigRightHand" index="1"]
transform = Transform( 0.947098, 0.31154, -0.0771213, -0.271752, 0.906282, 0.323735, 0.17075, -0.285651, 0.942999, 3.06779, 9.75203, 0.178044 )

[node name="mixamorigRightHandIndex2" parent="Armature/mixamorigHips/mixamorigSpine/mixamorigSpine1/mixamorigSpine2/mixamorigRightShoulder/mixamorigRightArm/mixamorigRightForeArm/mixamorigRightHand/mixamorigRightHandIndex1" index="0"]
transform = Transform( 0.999893, -0.0145738, 0.00102693, 0.0145248, 0.984032, -0.1774, 0.00157487, 0.177396, 0.984138, 0.00477572, 2.49472, -7.73954e-06 )

[node name="mixamorigRightHandIndex3" parent="Armature/mixamorigHips/mixamorigSpine/mixamorigSpine1/mixamorigSpine2/mixamorigRightShoulder/mixamorigRightArm/mixamorigRightForeArm/mixamorigRightHand/mixamorigRightHandIndex1/mixamorigRightHandIndex2" index="0"]
transform = Transform( 0.999816, -0.0189709, 0.00270092, 0.0189964, 0.962764, -0.269676, 0.00251565, 0.269678, 0.962947, 0.00236177, 2.46476, -1.6148e-05 )

[node name="mixamorigRightHandIndex4" parent="Armature/mixamorigHips/mixamorigSpine/mixamorigSpine1/mixamorigSpine2/mixamorigRightShoulder/mixamorigRightArm/mixamorigRightForeArm/mixamorigRightHand/mixamorigRightHandIndex1/mixamorigRightHandIndex2/mixamorigRightHandIndex3" index="0"]
transform = Transform( 1, -3.65556e-09, 9.89066e-09, 3.65556e-09, 1, 7.19406e-09, -9.89065e-09, -7.19406e-09, 1, -0.00713356, 1.95055, 4.82171e-06 )

[node name="mixamorigRightHandMiddle1" parent="Armature/mixamorigHips/mixamorigSpine/mixamorigSpine1/mixamorigSpine2/mixamorigRightShoulder/mixamorigRightArm/mixamorigRightForeArm/mixamorigRightHand" index="2"]
transform = Transform( 0.995912, 0.0895325, 0.011961, -0.0901065, 0.975458, 0.200908, 0.00632031, -0.201164, 0.979537, 0.952107, 9.73204, -0.157322 )

[node name="mixamorigRightHandMiddle2" parent="Armature/mixamorigHips/mixamorigSpine/mixamorigSpine1/mixamorigSpine2/mixamorigRightShoulder/mixamorigRightArm/mixamorigRightForeArm/mixamorigRightHand/mixamorigRightHandMiddle1" index="0"]
transform = Transform( 0.999637, -0.0266028, 0.00427969, 0.0265986, 0.948881, -0.31451, 0.00430593, 0.314509, 0.949244, 0.000860928, 2.98894, 4.01932e-06 )

[node name="mixamorigRightHandMiddle3" parent="Armature/mixamorigHips/mixamorigSpine/mixamorigSpine1/mixamorigSpine2/mixamorigRightShoulder/mixamorigRightArm/mixamorigRightForeArm/mixamorigRightHand/mixamorigRightHandMiddle1/mixamorigRightHandMiddle2" index="0"]
transform = Transform( 0.998975, -0.04366, 0.0119558, 0.0437048, 0.861448, -0.505961, 0.0117909, 0.505965, 0.862474, -0.000616311, 2.86022, 1.75413e-05 )

[node name="mixamorigRightHandMiddle4" parent="Armature/mixamorigHips/mixamorigSpine/mixamorigSpine1/mixamorigSpine2/mixamorigRightShoulder/mixamorigRightArm/mixamorigRightForeArm/mixamorigRightHand/mixamorigRightHandMiddle1/mixamorigRightHandMiddle2/mixamorigRightHandMiddle3" index="0"]
transform = Transform( 1, -3.51522e-08, 9.54601e-09, 3.51522e-08, 1, -2.0777e-09, -9.54601e-09, 2.0777e-09, 1, -0.000246051, 2.59539, 6.1663e-06 )

[node name="mixamorigRightHandRing1" parent="Armature/mixamorigHips/mixamorigSpine/mixamorigSpine1/mixamorigSpine2/mixamorigRightShoulder/mixamorigRightArm/mixamorigRightForeArm/mixamorigRightHand" index="3"]
transform = Transform( 0.991534, -0.129641, -0.00729332, 0.129456, 0.991347, -0.0217575, 0.0100509, 0.0206291, 0.999737, -1.0393, 9.87612, -0.0494217 )

[node name="mixamorigRightHandRing2" parent="Armature/mixamorigHips/mixamorigSpine/mixamorigSpine1/mixamorigSpine2/mixamorigRightShoulder/mixamorigRightArm/mixamorigRightForeArm/mixamorigRightHand/mixamorigRightHandRing1" index="0"]
transform = Transform( 0.999414, -0.0333984, 0.00744859, 0.0334067, 0.90515, -0.423777, 0.00741138, 0.423777, 0.905736, 0.00151346, 2.53492, 1.22932e-05 )

[node name="mixamorigRightHandRing3" parent="Armature/mixamorigHips/mixamorigSpine/mixamorigSpine1/mixamorigSpine2/mixamorigRightShoulder/mixamorigRightArm/mixamorigRightForeArm/mixamorigRightHand/mixamorigRightHandRing1/mixamorigRightHandRing2" index="0"]
transform = Transform( 0.999184, -0.0391539, 0.00994616, 0.0392303, 0.88169, -0.470194, 0.00964049, 0.470201, 0.882507, -0.00170594, 2.40725, 1.17559e-05 )

[node name="mixamorigRightHandRing4" parent="Armature/mixamorigHips/mixamorigSpine/mixamorigSpine1/mixamorigSpine2/mixamorigRightShoulder/mixamorigRightArm/mixamorigRightForeArm/mixamorigRightHand/mixamorigRightHandRing1/mixamorigRightHandRing2/mixamorigRightHandRing3" index="0"]
transform = Transform( 1, 2.46907e-08, 5.23583e-09, -2.46907e-08, 1, -2.09717e-08, -5.23583e-09, 2.09717e-08, 1, 0.000189008, 2.0145, -1.1018e-05 )

[node name="mixamorigRightHandPinky1" parent="Armature/mixamorigHips/mixamorigSpine/mixamorigSpine1/mixamorigSpine2/mixamorigRightShoulder/mixamorigRightArm/mixamorigRightForeArm/mixamorigRightHand" index="4"]
transform = Transform( 0.952052, -0.175281, 0.250747, 0.2457, 0.926413, -0.28529, -0.182289, 0.33322, 0.92506, -2.9806, 8.70156, 0.103228 )

[node name="mixamorigRightHandPinky2" parent="Armature/mixamorigHips/mixamorigSpine/mixamorigSpine1/mixamorigSpine2/mixamorigRightShoulder/mixamorigRightArm/mixamorigRightForeArm/mixamorigRightHand/mixamorigRightHandPinky1" index="0"]
transform = Transform( 0.997101, -0.0694632, 0.0310612, 0.0697224, 0.670563, -0.738569, 0.0304749, 0.738593, 0.673462, -0.00200662, 2.12276, -1.37406e-05 )

[node name="mixamorigRightHandPinky3" parent="Armature/mixamorigHips/mixamorigSpine/mixamorigSpine1/mixamorigSpine2/mixamorigRightShoulder/mixamorigRightArm/mixamorigRightForeArm/mixamorigRightHand/mixamorigRightHandPinky1/mixamorigRightHandPinky2" index="0"]
transform = Transform( 0.997805, -0.0621456, 0.0228742, 0.0617929, 0.749567, -0.659038, 0.0238106, 0.659005, 0.751761, 0.000355799, 1.77813, 3.37829e-06 )

[node name="mixamorigRightHandPinky4" parent="Armature/mixamorigHips/mixamorigSpine/mixamorigSpine1/mixamorigSpine2/mixamorigRightShoulder/mixamorigRightArm/mixamorigRightForeArm/mixamorigRightHand/mixamorigRightHandPinky1/mixamorigRightHandPinky2/mixamorigRightHandPinky3" index="0"]
transform = Transform( 1, -3.84077e-09, 1.76987e-08, 3.84077e-09, 1, -3.14311e-08, -1.76987e-08, 3.14311e-08, 1, 0.00164622, 1.57699, 1.36933e-05 )

[node name="mixamorigLeftUpLeg" parent="Armature/mixamorigHips" index="1"]
transform = Transform( -0.921176, 0.305859, 0.240583, -0.272927, -0.948497, 0.160819, 0.277388, 0.0824835, 0.957184, 9.6987, -5.8679, 0.0415254 )

[node name="mixamorigLeftLeg" parent="Armature/mixamorigHips/mixamorigLeftUpLeg" index="0"]
transform = Transform( 0.989429, -0.143595, 0.0202453, 0.0764984, 0.635434, 0.768356, -0.123197, -0.758685, 0.639702, 3.57205e-06, 44.5799, -2.4148e-06 )

[node name="mixamorigLeftFoot" parent="Armature/mixamorigHips/mixamorigLeftUpLeg/mixamorigLeftLeg" index="0"]
transform = Transform( 0.935555, -0.0895423, -0.341643, -0.300741, 0.30522, -0.903546, 0.185182, 0.948063, 0.258621, 6.14807e-06, 47.9558, -4.35931e-08 )

[node name="mixamorigLeftToeBase" parent="Armature/mixamorigHips/mixamorigLeftUpLeg/mixamorigLeftLeg/mixamorigLeftFoot" index="0"]
transform = Transform( 0.99688, -0.0534694, -0.058069, -7.02459e-05, 0.73504, -0.678023, 0.0789365, 0.675912, 0.732743, 1.84252e-06, 18.5652, -4.68685e-07 )

[node name="mixamorigLeftToe_End" parent="Armature/mixamorigHips/mixamorigLeftUpLeg/mixamorigLeftLeg/mixamorigLeftFoot/mixamorigLeftToeBase" index="0"]
transform = Transform( 1, 3.1126e-08, -2.58275e-07, -3.11261e-08, 1, -2.12124e-07, 2.58275e-07, 2.12124e-07, 1, 9.03858e-07, 6.65044, 9.05535e-07 )

[node name="mixamorigRightUpLeg" parent="Armature/mixamorigHips" index="2"]
transform = Transform( -0.929914, -0.356441, -0.0906709, 0.33341, -0.921032, 0.201352, -0.155275, 0.157002, 0.975355, -9.6987, -5.86792, -0.904347 )

[node name="mixamorigRightLeg" parent="Armature/mixamorigHips/mixamorigRightUpLeg" index="0"]
transform = Transform( 0.982559, 0.151799, -0.107401, -0.0222652, 0.669461, 0.742513, 0.184614, -0.727172, 0.661165, 1.54542e-06, 44.4772, -1.98235e-07 )

[node name="mixamorigRightFoot" parent="Armature/mixamorigHips/mixamorigRightUpLeg/mixamorigRightLeg" index="0"]
transform = Transform( 0.971261, -0.184034, 0.150941, 0.226348, 0.51804, -0.824864, 0.0736094, 0.835324, 0.544808, -3.07501e-06, 47.9871, -4.17542e-07 )

[node name="mixamorigRightToeBase" parent="Armature/mixamorigHips/mixamorigRightUpLeg/mixamorigRightLeg/mixamorigRightFoot" index="0"]
transform = Transform( 0.993459, 0.0664409, 0.0928742, 0.0311479, 0.624804, -0.78016, -0.109863, 0.777949, 0.618648, 1.39984e-06, 18.8936, -4.60549e-07 )

[node name="mixamorigRightToe_End" parent="Armature/mixamorigHips/mixamorigRightUpLeg/mixamorigRightLeg/mixamorigRightFoot/mixamorigRightToeBase" index="0"]
transform = Transform( 1, 5.18199e-08, -1.23799e-06, -5.18203e-08, 1, -2.47628e-07, 1.23799e-06, 2.47628e-07, 1, -2.8289e-06, 6.93593, -5.40322e-07 )

[node name="mixamorigHips 2" parent="Armature001" index="0"]
transform = Transform( 0.996958, -0.00183349, 0.0779142, -0.0760087, -0.243818, 0.966838, 0.0172242, -0.969819, -0.243216, -0.218051, -0.855341, -96.6679 )

[node name="mixamorigSpine 2" parent="Armature001/mixamorigHips 2" index="0"]
transform = Transform( 0.999976, -0.00646333, -0.00246032, 0.00564879, 0.968589, -0.248605, 0.00398985, 0.248585, 0.968602, -2.38419e-07, 10.5695, -1.04292 )

[node name="mixamorigSpine1 2" parent="Armature001/mixamorigHips 2/mixamorigSpine 2" index="0"]
transform = Transform( 0.999912, -0.0112231, -0.00702715, 0.0102881, 0.992562, -0.121304, 0.00833629, 0.121221, 0.99259, -3.91996e-18, 12.391, 2.38418e-07 )

[node name="mixamorigSpine2 2" parent="Armature001/mixamorigHips 2/mixamorigSpine 2/mixamorigSpine1 2" index="0"]
transform = Transform( 0.999913, -0.0111884, -0.00701411, 0.0102552, 0.992562, -0.121308, 0.00831918, 0.121225, 0.99259, 7.45037e-08, 14.1611, 1.43051e-06 )

[node name="mixamorigNeck 2" parent="Armature001/mixamorigHips 2/mixamorigSpine 2/mixamorigSpine1 2/mixamorigSpine2 2" index="0"]
transform = Transform( 0.999725, 0.00865455, -0.0217838, -0.00609005, 0.993329, 0.115152, 0.0226351, -0.114987, 0.993109, -2.83219e-12, 15.9313, 1.36267e-06 )

[node name="mixamorigHead 2" parent="Armature001/mixamorigHips 2/mixamorigSpine 2/mixamorigSpine1 2/mixamorigSpine2 2/mixamorigNeck 2" index="0"]
transform = Transform( 0.999531, 3.92916e-05, -0.030612, 0.00846009, 0.960697, 0.277469, 0.0294197, -0.277598, 0.960247, -2.98096e-08, 5.93646, 1.44503 )

[node name="mixamorigHeadTop_End 2" parent="Armature001/mixamorigHips 2/mixamorigSpine 2/mixamorigSpine1 2/mixamorigSpine2 2/mixamorigNeck 2/mixamorigHead 2" index="0"]
transform = Transform( 1, -3.46038e-18, -4.65661e-10, -1.41691e-17, 1, -3.78591e-08, 4.65661e-10, 3.78591e-08, 1, -5.96046e-08, 20.1808, 4.91234 )

[node name="mixamorigLeftShoulder 2" parent="Armature001/mixamorigHips 2/mixamorigSpine 2/mixamorigSpine1 2/mixamorigSpine2 2" index="1"]
transform = Transform( 0.126862, 0.917039, -0.378082, 0.0584451, -0.387409, -0.920053, -0.990197, 0.0946224, -0.102744, 6.50995, 14.3831, -0.209682 )

[node name="mixamorigLeftArm 2" parent="Armature001/mixamorigHips 2/mixamorigSpine 2/mixamorigSpine1 2/mixamorigSpine2 2/mixamorigLeftShoulder 2" index="0"]
transform = Transform( 0.977141, -0.210863, -0.0270571, 0.127603, 0.683529, -0.718683, 0.170038, 0.698802, 0.694811, 2.98023e-07, 13.4562, -1.20103e-05 )

[node name="mixamorigLeftForeArm 2" parent="Armature001/mixamorigHips 2/mixamorigSpine 2/mixamorigSpine1 2/mixamorigSpine2 2/mixamorigLeftShoulder 2/mixamorigLeftArm 2" index="0"]
transform = Transform( 0.122102, -0.989285, 0.0800423, 0.942752, 0.140818, 0.302307, -0.310339, 0.0385478, 0.949844, 6.65962e-07, 17.7772, -5.49424e-07 )

[node name="mixamorigLeftHand 2" parent="Armature001/mixamorigHips 2/mixamorigSpine 2/mixamorigSpine1 2/mixamorigSpine2 2/mixamorigLeftShoulder 2/mixamorigLeftArm 2/mixamorigLeftForeArm 2" index="0"]
transform = Transform( 0.892796, 0.15595, 0.422605, -0.0505466, 0.966918, -0.250029, -0.447617, 0.201864, 0.871143, 1.10936e-06, 29.8993, -3.28811e-06 )

[node name="mixamorigLeftHandThumb1 2" parent="Armature001/mixamorigHips 2/mixamorigSpine 2/mixamorigSpine1 2/mixamorigSpine2 2/mixamorigLeftShoulder 2/mixamorigLeftArm 2/mixamorigLeftForeArm 2/mixamorigLeftHand 2" index="0"]
transform = Transform( 0.885853, -0.37501, 0.273188, 0.442135, 0.86081, -0.252039, -0.140646, 0.344055, 0.928356, -2.622, 2.96903, 1.13149 )

[node name="mixamorigLeftHandThumb2 2" parent="Armature001/mixamorigHips 2/mixamorigSpine 2/mixamorigSpine1 2/mixamorigSpine2 2/mixamorigLeftShoulder 2/mixamorigLeftArm 2/mixamorigLeftForeArm 2/mixamorigLeftHand 2/mixamorigLeftHandThumb1 2" index="0"]
transform = Transform( 0.963375, 0.184161, -0.19492, -0.192469, 0.980999, -0.02441, 0.186721, 0.061032, 0.980516, -0.361476, 3.2757, 2.87104e-06 )

[node name="mixamorigLeftHandThumb3 2" parent="Armature001/mixamorigHips 2/mixamorigSpine 2/mixamorigSpine1 2/mixamorigSpine2 2/mixamorigLeftShoulder 2/mixamorigLeftArm 2/mixamorigLeftForeArm 2/mixamorigLeftHand 2/mixamorigLeftHandThumb1 2/mixamorigLeftHandThumb2 2" index="0"]
transform = Transform( 0.993273, -0.115754, -0.00323844, 0.115755, 0.993278, 5.19269e-05, 0.00321066, -0.000426443, 0.999995, 0.0478458, 2.9619, -2.30655e-05 )

[node name="mixamorigLeftHandThumb4 2" parent="Armature001/mixamorigHips 2/mixamorigSpine 2/mixamorigSpine1 2/mixamorigSpine2 2/mixamorigLeftShoulder 2/mixamorigLeftArm 2/mixamorigLeftForeArm 2/mixamorigLeftHand 2/mixamorigLeftHandThumb1 2/mixamorigLeftHandThumb2 2/mixamorigLeftHandThumb3 2" index="0"]
transform = Transform( 1, 1.76951e-08, -4.09782e-08, -1.76951e-08, 1, -2.48065e-16, 4.09782e-08, 9.7318e-16, 1, 0.313624, 2.35922, -3.09944e-06 )

[node name="mixamorigLeftHandIndex1 2" parent="Armature001/mixamorigHips 2/mixamorigSpine 2/mixamorigSpine1 2/mixamorigSpine2 2/mixamorigLeftShoulder 2/mixamorigLeftArm 2/mixamorigLeftForeArm 2/mixamorigLeftHand 2" index="1"]
transform = Transform( 0.980983, -0.110487, -0.159577, 0.0518044, 0.941386, -0.333329, 0.187052, 0.318723, 0.929208, -3.11489, 9.8261, 0.121378 )

[node name="mixamorigLeftHandIndex2 2" parent="Armature001/mixamorigHips 2/mixamorigSpine 2/mixamorigSpine1 2/mixamorigSpine2 2/mixamorigLeftShoulder 2/mixamorigLeftArm 2/mixamorigLeftForeArm 2/mixamorigLeftHand 2/mixamorigLeftHandIndex1 2" index="0"]
transform = Transform( 0.993977, 0.108873, -0.0125195, -0.105781, 0.923284, -0.369265, -0.0286438, 0.368365, 0.92924, 0.000674725, 2.50761, -9.47371e-06 )

[node name="mixamorigLeftHandIndex3 2" parent="Armature001/mixamorigHips 2/mixamorigSpine 2/mixamorigSpine1 2/mixamorigSpine2 2/mixamorigLeftShoulder 2/mixamorigLeftArm 2/mixamorigLeftForeArm 2/mixamorigLeftHand 2/mixamorigLeftHandIndex1 2/mixamorigLeftHandIndex2 2" index="0"]
transform = Transform( 1, -0.000559364, -7.78612e-07, 0.000559364, 1, 3.02696e-06, 7.76919e-07, -3.0274e-06, 1, -0.00101376, 2.39217, -1.32888e-05 )

[node name="mixamorigLeftHandIndex4 2" parent="Armature001/mixamorigHips 2/mixamorigSpine 2/mixamorigSpine1 2/mixamorigSpine2 2/mixamorigLeftShoulder 2/mixamorigLeftArm 2/mixamorigLeftForeArm 2/mixamorigLeftHand 2/mixamorigLeftHandIndex1 2/mixamorigLeftHandIndex2 2/mixamorigLeftHandIndex3 2" index="0"]
transform = Transform( 1, -2.04891e-08, -9.31323e-10, 2.04891e-08, 1, -2.79396e-09, 9.31323e-10, 2.79396e-09, 1, 0.000331879, 2.12987, 5.30482e-06 )

[node name="mixamorigLeftHandMiddle1 2" parent="Armature001/mixamorigHips 2/mixamorigSpine 2/mixamorigSpine1 2/mixamorigSpine2 2/mixamorigLeftShoulder 2/mixamorigLeftArm 2/mixamorigLeftForeArm 2/mixamorigLeftHand 2" index="2"]
transform = Transform( 0.968751, -0.0318131, -0.245986, -0.0691504, 0.917778, -0.391026, 0.2382, 0.395817, 0.886899, -0.979292, 9.825, -0.149692 )

[node name="mixamorigLeftHandMiddle2 2" parent="Armature001/mixamorigHips 2/mixamorigSpine 2/mixamorigSpine1 2/mixamorigSpine2 2/mixamorigLeftShoulder 2/mixamorigLeftArm 2/mixamorigLeftForeArm 2/mixamorigLeftHand 2/mixamorigLeftHandMiddle1 2" index="0"]
transform = Transform( 0.99234, 0.111554, 0.0530737, -0.0681892, 0.85287, -0.517652, -0.103011, 0.510068, 0.853944, 0.001441, 3.00287, -1.28354e-05 )

[node name="mixamorigLeftHandMiddle3 2" parent="Armature001/mixamorigHips 2/mixamorigSpine 2/mixamorigSpine1 2/mixamorigSpine2 2/mixamorigLeftShoulder 2/mixamorigLeftArm 2/mixamorigLeftForeArm 2/mixamorigLeftHand 2/mixamorigLeftHandMiddle1 2/mixamorigLeftHandMiddle2 2" index="0"]
transform = Transform( 0.999993, 0.00381001, 4.795e-05, -0.00381001, 0.999993, -2.69119e-06, -4.79599e-05, 2.50848e-06, 1, 0.00434446, 2.83673, -4.9863e-06 )

[node name="mixamorigLeftHandMiddle4 2" parent="Armature001/mixamorigHips 2/mixamorigSpine 2/mixamorigSpine1 2/mixamorigSpine2 2/mixamorigLeftShoulder 2/mixamorigLeftArm 2/mixamorigLeftForeArm 2/mixamorigLeftHand 2/mixamorigLeftHandMiddle1 2/mixamorigLeftHandMiddle2 2/mixamorigLeftHandMiddle3 2" index="0"]
transform = Transform( 1, 5.82075e-10, 1.22003e-07, -5.82074e-10, 1, -7.91624e-09, -1.22003e-07, 7.91624e-09, 1, -0.00579262, 2.52802, 1.67191e-05 )

[node name="mixamorigLeftHandRing1 2" parent="Armature001/mixamorigHips 2/mixamorigSpine 2/mixamorigSpine1 2/mixamorigSpine2 2/mixamorigLeftShoulder 2/mixamorigLeftArm 2/mixamorigLeftForeArm 2/mixamorigLeftHand 2" index="3"]
transform = Transform( 0.981537, -0.0813124, -0.17313, -0.0394742, 0.799545, -0.599307, 0.187157, 0.595076, 0.781573, 0.992839, 9.58118, -0.17323 )

[node name="mixamorigLeftHandRing2 2" parent="Armature001/mixamorigHips 2/mixamorigSpine 2/mixamorigSpine1 2/mixamorigSpine2 2/mixamorigLeftShoulder 2/mixamorigLeftArm 2/mixamorigLeftForeArm 2/mixamorigLeftHand 2/mixamorigLeftHandRing1 2" index="0"]
transform = Transform( 0.998692, 0.0299842, 0.0414212, 0.00283733, 0.776298, -0.630359, -0.051056, 0.629652, 0.775198, -0.00198185, 2.6701, -1.7241e-05 )

[node name="mixamorigLeftHandRing3 2" parent="Armature001/mixamorigHips 2/mixamorigSpine 2/mixamorigSpine1 2/mixamorigSpine2 2/mixamorigLeftShoulder 2/mixamorigLeftArm 2/mixamorigLeftForeArm 2/mixamorigLeftHand 2/mixamorigLeftHandRing1 2/mixamorigLeftHandRing2 2" index="0"]
transform = Transform( 0.999998, -0.00190423, 2.88218e-05, 0.00190423, 0.999998, -1.49077e-06, -2.88189e-05, 1.54566e-06, 1, -0.00115573, 2.47188, 5.26424e-06 )

[node name="mixamorigLeftHandRing4 2" parent="Armature001/mixamorigHips 2/mixamorigSpine 2/mixamorigSpine1 2/mixamorigSpine2 2/mixamorigLeftShoulder 2/mixamorigLeftArm 2/mixamorigLeftForeArm 2/mixamorigLeftHand 2/mixamorigLeftHandRing1 2/mixamorigLeftHandRing2 2/mixamorigLeftHandRing3 2" index="0"]
transform = Transform( 1, -4.98258e-08, 7.68341e-09, 4.98258e-08, 1, -2.10712e-08, -7.68341e-09, 2.10712e-08, 1, 0.00314403, 2.18526, -1.90735e-05 )

[node name="mixamorigLeftHandPinky1 2" parent="Armature001/mixamorigHips 2/mixamorigSpine 2/mixamorigSpine1 2/mixamorigSpine2 2/mixamorigLeftShoulder 2/mixamorigLeftArm 2/mixamorigLeftForeArm 2/mixamorigLeftHand 2" index="4"]
transform = Transform( 0.976851, -0.0950907, -0.191623, -0.0502435, 0.768726, -0.637601, 0.207936, 0.632469, 0.746153, 3.10134, 9.13015, 0.18941 )

[node name="mixamorigLeftHandPinky2 2" parent="Armature001/mixamorigHips 2/mixamorigSpine 2/mixamorigSpine1 2/mixamorigSpine2 2/mixamorigLeftShoulder 2/mixamorigLeftArm 2/mixamorigLeftForeArm 2/mixamorigLeftHand 2/mixamorigLeftHandPinky1 2" index="0"]
transform = Transform( 0.990441, -0.0265193, 0.135362, 0.115142, 0.699305, -0.705489, -0.07595, 0.714331, 0.695674, 0.00270611, 2.00136, 6.63195e-06 )

[node name="mixamorigLeftHandPinky3 2" parent="Armature001/mixamorigHips 2/mixamorigSpine 2/mixamorigSpine1 2/mixamorigSpine2 2/mixamorigLeftShoulder 2/mixamorigLeftArm 2/mixamorigLeftForeArm 2/mixamorigLeftHand 2/mixamorigLeftHandPinky1 2/mixamorigLeftHandPinky2 2" index="0"]
transform = Transform( 0.999986, 0.00536176, 0.000168636, -0.00536176, 0.999985, 4.94273e-07, -0.000168631, -1.39845e-06, 1, 0.00268143, 1.63095, -5.46789e-06 )

[node name="mixamorigLeftHandPinky4 2" parent="Armature001/mixamorigHips 2/mixamorigSpine 2/mixamorigSpine1 2/mixamorigSpine2 2/mixamorigLeftShoulder 2/mixamorigLeftArm 2/mixamorigLeftForeArm 2/mixamorigLeftHand 2/mixamorigLeftHandPinky1 2/mixamorigLeftHandPinky2 2/mixamorigLeftHandPinky3 2" index="0"]
transform = Transform( 1, 6.0536e-09, 2.14204e-07, -6.0536e-09, 1, -2.04891e-08, -2.14204e-07, 2.04891e-08, 1, -0.00538278, 1.45678, -3.5502e-06 )

[node name="mixamorigRightShoulder 2" parent="Armature001/mixamorigHips 2/mixamorigSpine 2/mixamorigSpine1 2/mixamorigSpine2 2" index="2"]
transform = Transform( -0.0893013, -0.832103, 0.547384, -0.162252, -0.530085, -0.832276, 0.9827, -0.163138, -0.0876732, -6.50995, 14.372, -0.0969477 )

[node name="mixamorigRightArm 2" parent="Armature001/mixamorigHips 2/mixamorigSpine 2/mixamorigSpine1 2/mixamorigSpine2 2/mixamorigRightShoulder 2" index="0"]
transform = Transform( 0.933169, 0.356494, 0.0459141, -0.237072, 0.706456, -0.666871, -0.270172, 0.611418, 0.743757, 1.70606e-06, 13.4562, 5.33571e-06 )

[node name="mixamorigRightForeArm 2" parent="Armature001/mixamorigHips 2/mixamorigSpine 2/mixamorigSpine1 2/mixamorigSpine2 2/mixamorigRightShoulder 2/mixamorigRightArm 2" index="0"]
transform = Transform( 0.08408, 0.97697, -0.196114, -0.952151, 0.136806, 0.273301, 0.293837, 0.16375, 0.941725, 1.38485e-06, 17.7774, -7.52086e-06 )

[node name="mixamorigRightHand 2" parent="Armature001/mixamorigHips 2/mixamorigSpine 2/mixamorigSpine1 2/mixamorigSpine2 2/mixamorigRightShoulder 2/mixamorigRightArm 2/mixamorigRightForeArm 2" index="0"]
transform = Transform( 0.962298, -0.148926, -0.227604, 0.134526, 0.987866, -0.0776106, 0.2364, 0.0440659, 0.970656, -1.3222e-05, 29.9619, 7.2926e-06 )

[node name="mixamorigRightHandThumb1 2" parent="Armature001/mixamorigHips 2/mixamorigSpine 2/mixamorigSpine1 2/mixamorigSpine2 2/mixamorigRightShoulder 2/mixamorigRightArm 2/mixamorigRightForeArm 2/mixamorigRightHand 2" index="0"]
transform = Transform( 0.882008, 0.380163, -0.278456, -0.449551, 0.855991, -0.255309, 0.141297, 0.350365, 0.925894, 2.62554, 3.00246, 1.12599 )

[node name="mixamorigRightHandThumb2 2" parent="Armature001/mixamorigHips 2/mixamorigSpine 2/mixamorigSpine1 2/mixamorigSpine2 2/mixamorigRightShoulder 2/mixamorigRightArm 2/mixamorigRightForeArm 2/mixamorigRightHand 2/mixamorigRightHandThumb1 2" index="0"]
transform = Transform( 0.960197, -0.201881, 0.193042, 0.209441, 0.977629, -0.0193716, -0.184813, 0.0590314, 0.980999, 0.317739, 3.30027, 4.32004e-07 )

[node name="mixamorigRightHandThumb3 2" parent="Armature001/mixamorigHips 2/mixamorigSpine 2/mixamorigSpine1 2/mixamorigSpine2 2/mixamorigRightShoulder 2/mixamorigRightArm 2/mixamorigRightForeArm 2/mixamorigRightHand 2/mixamorigRightHandThumb1 2/mixamorigRightHandThumb2 2" index="0"]
transform = Transform( 0.994406, 0.105617, 0.00152453, -0.105617, 0.994407, 1.95133e-05, -0.00151394, -0.000180421, 0.999999, -0.0369611, 2.95359, -4.41074e-06 )

[node name="mixamorigRightHandThumb4 2" parent="Armature001/mixamorigHips 2/mixamorigSpine 2/mixamorigSpine1 2/mixamorigSpine2 2/mixamorigRightShoulder 2/mixamorigRightArm 2/mixamorigRightForeArm 2/mixamorigRightHand 2/mixamorigRightHandThumb1 2/mixamorigRightHandThumb2 2/mixamorigRightHandThumb3 2" index="0"]
transform = Transform( 1, 6.14673e-08, -5.58793e-08, -6.14673e-08, 1, 6.70552e-08, 5.58794e-08, -6.70552e-08, 1, -0.280778, 2.36172, 9.65595e-06 )

[node name="mixamorigRightHandIndex1 2" parent="Armature001/mixamorigHips 2/mixamorigSpine 2/mixamorigSpine1 2/mixamorigSpine2 2/mixamorigRightShoulder 2/mixamorigRightArm 2/mixamorigRightForeArm 2/mixamorigRightHand 2" index="1"]
transform = Transform( 0.981922, 0.101764, 0.159605, -0.0437956, 0.94245, -0.331465, -0.184151, 0.318483, 0.929869, 3.06779, 9.75203, 0.178042 )

[node name="mixamorigRightHandIndex2 2" parent="Armature001/mixamorigHips 2/mixamorigSpine 2/mixamorigSpine1 2/mixamorigSpine2 2/mixamorigRightShoulder 2/mixamorigRightArm 2/mixamorigRightForeArm 2/mixamorigRightHand 2/mixamorigRightHandIndex1 2" index="0"]
transform = Transform( 0.993605, -0.112212, 0.0125381, 0.108934, 0.923471, -0.367879, 0.0297018, 0.366892, 0.929789, 0.00477743, 2.49471, -9.40255e-06 )

