[gd_scene load_steps=5 format=2]

[ext_resource path="res://Personajes/Muxxxe_enemy_01.tscn" type="PackedScene" id=1]
[ext_resource path="res://Scripts/Machito_spatial.gd" type="Script" id=2]

[sub_resource type="Curve3D" id=1]
_data = {
"points": PoolVector3Array( 0, 0, 0, 0, 0, 0, -0.317263, 13.7888, -0.0231924, -0.6, 2.9, 2.3, 0.6, -2.9, -2.3, 1.32667, 5.28554, 0.466267, 0, 0, 0, 0, 0, 0, 11.7485, 2.60061, 4.43023 ),
"tilts": PoolRealArray( 0, 0, 0 )
}

[sub_resource type="BoxShape" id=2]

[node name="Enemigxs" type="Spatial"]
transform = Transform( -1, 0, 1.19209e-07, 0, 1, 0, -1.19209e-07, 0, -1, -20, 2, 10 )
script = ExtResource( 2 )

[node name="Path2" type="Path" parent="."]
transform = Transform( -0.992126, 0, -0.125247, 0, 1, 0, 0.125247, 0, -0.992126, -17.7891, -2.60061, -4.07612 )
curve = SubResource( 1 )

[node name="PathFollow" type="PathFollow" parent="Path2"]
transform = Transform( 0.993939, 0, 0.10993, 0, 1, 0, -0.109931, 0, 0.993932, -0.317263, 13.7888, -0.0231924 )
rotation_mode = 1
loop = false

[node name="Muxxxe_enemy_01" parent="Path2/PathFollow" instance=ExtResource( 1 )]
transform = Transform( 0.864694, 0, 0.5023, 0, 1, 0, -0.502303, 0, 0.8647, 0, 0, 0 )

[node name="Area" type="Area" parent="."]
transform = Transform( 1, 0, 0, 0, 1, 0, 0, 0, 1, -5.37639, 0, -5.51 )
collision_layer = 2
collision_mask = 0

[node name="CollisionShape" type="CollisionShape" parent="Area"]
shape = SubResource( 2 )
[connection signal="area_shape_entered" from="Area" to="." method="_on_Area_area_shape_entered"]
